930808 :38 ,17 ,47 ,25 ,30 ,37 / 1
930815 :6 ,7 ,30 ,17 ,2 ,42 / 1
930822 :44 ,20 ,17 ,3 ,38 ,45 / 1
930829 :42 ,30 ,36 ,5 ,4 ,6 / 1
930905 :5 ,14 ,7 ,49 ,35 ,19 / 1
930912 :42 ,28 ,41 ,15 ,22 ,38 / 1
930919 :18 ,4 ,16 ,35 ,2 ,17 / 1
931003 :44 ,48 ,34 ,37 ,4 ,41 / 1
931017 :13 ,7 ,6 ,45 ,29 ,25 / 1
931024 :8 ,22 ,43 ,14 ,34 ,15 / 1
931031 :14 ,17 ,47 ,19 ,36 ,12 / 1
931114 :48 ,20 ,6 ,43 ,4 ,35 / 1
931128 :37 ,36 ,17 ,35 ,15 ,8 / 1
931212 :12 ,33 ,41 ,7 ,34 ,43 / 1
931219 :49 ,15 ,46 ,25 ,12 ,32 / 1
940116 :7 ,20 ,27 ,46 ,2 ,33 / 1
940123 :39 ,5 ,6 ,19 ,20 ,2 / 1
940130 :14 ,47 ,40 ,26 ,24 ,36 / 1
940206 :45 ,10 ,18 ,43 ,35 ,11 / 1
940213 :38 ,29 ,49 ,47 ,8 ,3 / 1
940220 :16 ,42 ,33 ,4 ,38 ,7 / 1
940313 :22 ,39 ,35 ,29 ,44 ,46 / 1
940320 :34 ,9 ,10 ,19 ,2 ,47 / 1
940327 :11 ,8 ,25 ,13 ,3 ,38 / 1
940402 :38 ,49 ,36 ,20 ,19 ,5 / 1
940410 :49 ,42 ,11 ,45 ,9 ,23 / 1
940417 :23 ,46 ,1 ,35 ,2 ,22 / 1
940424 :10 ,41 ,29 ,25 ,18 ,8 / 1
940501 :19 ,7 ,16 ,18 ,6 ,49 / 1
940508 :15 ,44 ,32 ,21 ,49 ,10 / 1
940515 :29 ,32 ,38 ,24 ,11 ,15 / 1
940522 :10 ,18 ,23 ,40 ,35 ,33 / 1
940529 :37 ,10 ,44 ,27 ,47 ,48 / 1
940605 :34 ,7 ,49 ,14 ,47 ,44 / 1
940612 :43 ,49 ,4 ,36 ,24 ,26 / 1
940619 :46 ,27 ,6 ,31 ,2 ,11 / 1
940626 :27 ,14 ,3 ,43 ,22 ,42 / 1
940703 :47 ,38 ,36 ,19 ,5 ,35 / 1
940710 :41 ,4 ,39 ,13 ,24 ,33 / 1
940717 :18 ,29 ,17 ,48 ,47 ,34 / 1
940724 :33 ,29 ,31 ,23 ,41 ,6 / 1
940731 :29 ,17 ,11 ,14 ,28 ,39 / 1
940807 :35 ,16 ,8 ,47 ,46 ,36 / 1
940814 :36 ,21 ,5 ,47 ,40 ,33 / 1
940821 :25 ,31 ,46 ,39 ,1 ,22 / 1
940828 :20 ,45 ,32 ,23 ,18 ,19 / 1
940904 :29 ,27 ,44 ,43 ,30 ,46 / 1
940911 :28 ,26 ,48 ,37 ,44 ,1 / 1
940918 :1 ,15 ,9 ,45 ,44 ,14 / 1
940925 :41 ,7 ,48 ,3 ,11 ,16 / 1
941002 :5 ,8 ,48 ,2 ,28 ,25 / 1
941009 :49 ,39 ,9 ,42 ,37 ,13 / 1
941016 :10 ,7 ,45 ,2 ,8 ,20 / 1
941023 :48 ,38 ,15 ,45 ,12 ,42 / 1
941030 :4 ,33 ,17 ,45 ,13 ,39 / 1
941106 :16 ,11 ,12 ,14 ,15 ,38 / 1
941113 :28 ,45 ,2 ,7 ,19 ,43 / 1
941120 :25 ,23 ,41 ,40 ,27 ,34 / 1
941127 :18 ,44 ,1 ,43 ,40 ,9 / 1
941204 :3 ,31 ,1 ,28 ,15 ,12 / 1
941211 :38 ,13 ,31 ,28 ,19 ,23 / 1
941218 :49 ,31 ,10 ,43 ,37 ,12 / 1
950102 :25 ,18 ,42 ,36 ,43 ,12 / 1
950115 :20 ,44 ,18 ,48 ,19 ,28 / 1
950122 :41 ,8 ,37 ,22 ,6 ,5 / 1
950129 :41 ,36 ,18 ,23 ,27 ,10 / 1
950205 :38 ,12 ,1 ,2 ,44 ,41 / 1
950212 :1 ,31 ,16 ,4 ,33 ,18 / 1
950219 :23 ,5 ,42 ,18 ,15 ,12 / 1
950301 :12 ,49 ,23 ,18 ,5 ,28 / 1
950305 :39 ,46 ,35 ,43 ,17 ,16 / 1
950312 :36 ,37 ,24 ,48 ,10 ,5 / 1
950319 :13 ,25 ,16 ,14 ,49 ,37 / 1
950326 :4 ,35 ,39 ,22 ,11 ,46 / 1
950402 :19 ,5 ,24 ,9 ,36 ,40 / 1
950409 :3 ,22 ,13 ,5 ,35 ,6 / 1
950416 :16 ,30 ,11 ,4 ,19 ,46 / 1
950423 :34 ,28 ,48 ,32 ,4 ,20 / 1
950430 :30 ,46 ,39 ,19 ,35 ,48 / 1
950507 :36 ,4 ,12 ,20 ,7 ,39 / 1
950514 :32 ,14 ,44 ,34 ,21 ,24 / 1
950521 :29 ,43 ,24 ,8 ,17 ,18 / 1
950528 :13 ,33 ,16 ,1 ,30 ,36 / 1
950604 :42 ,35 ,5 ,26 ,37 ,25 / 1
950611 :36 ,15 ,43 ,19 ,16 ,32 / 1
950618 :38 ,34 ,9 ,24 ,25 ,36 / 1
950625 :20 ,30 ,48 ,29 ,16 ,36 / 1
950702 :43 ,47 ,34 ,4 ,8 ,48 / 1
950709 :45 ,28 ,43 ,40 ,32 ,29 / 1
950716 :31 ,26 ,16 ,10 ,23 ,43 / 1
950723 :27 ,31 ,24 ,40 ,7 ,19 / 1
950730 :32 ,25 ,21 ,6 ,27 ,14 / 1
950806 :16 ,9 ,46 ,41 ,1 ,37 / 1
950813 :24 ,33 ,25 ,44 ,42 ,28 / 1
950820 :28 ,2 ,30 ,16 ,29 ,10 / 1
950827 :45 ,40 ,16 ,6 ,32 ,38 / 1
950903 :28 ,35 ,41 ,34 ,20 ,25 / 1
950910 :10 ,17 ,28 ,32 ,27 ,35 / 1
950917 :22 ,6 ,19 ,3 ,31 ,15 / 1
950924 :31 ,7 ,9 ,40 ,26 ,14 / 1
951001 :13 ,6 ,21 ,41 ,19 ,15 / 1
951008 :45 ,28 ,2 ,34 ,26 ,7 / 1
951015 :39 ,3 ,26 ,38 ,11 ,20 / 1
951022 :28 ,2 ,43 ,47 ,12 ,19 / 1
951029 :8 ,42 ,17 ,12 ,32 ,43 / 1
951105 :10 ,12 ,36 ,42 ,18 ,1 / 1
951112 :21 ,18 ,15 ,35 ,11 ,7 / 1
951119 :21 ,1 ,9 ,16 ,37 ,42 / 1
951126 :18 ,45 ,17 ,23 ,9 ,39 / 1
951203 :39 ,46 ,40 ,41 ,9 ,23 / 1
951210 :41 ,7 ,36 ,33 ,6 ,14 / 1
951217 :5 ,14 ,10 ,9 ,3 ,15 / 1
960102 :28 ,14 ,24 ,20 ,37 ,33 / 1
960114 :4 ,32 ,2 ,20 ,7 ,35 / 1
960121 :12 ,14 ,27 ,5 ,19 ,42 / 1
960128 :7 ,38 ,43 ,18 ,5 ,12 / 1
960204 :11 ,19 ,46 ,20 ,12 ,29 / 1
960211 :30 ,16 ,5 ,22 ,15 ,21 / 1
960218 :37 ,47 ,14 ,6 ,38 ,45 / 1
960225 :19 ,10 ,45 ,17 ,47 ,23 / 1
960303 :28 ,48 ,21 ,35 ,16 ,33 / 1
960310 :45 ,18 ,12 ,25 ,9 ,22 / 1
960317 :22 ,32 ,13 ,46 ,5 ,10 / 1
960324 :40 ,34 ,7 ,46 ,41 ,27 / 1
960331 :27 ,17 ,40 ,48 ,30 ,44 / 1
960407 :25 ,38 ,3 ,9 ,46 ,47 / 1
960414 :21 ,38 ,36 ,31 ,15 ,11 / 1
960421 :5 ,25 ,42 ,46 ,26 ,15 / 1
960428 :25 ,10 ,18 ,8 ,31 ,44 / 1
960505 :4 ,14 ,13 ,32 ,35 ,19 / 1
960512 :11 ,16 ,22 ,35 ,20 ,23 / 1
960519 :14 ,38 ,34 ,49 ,37 ,42 / 1
960526 :10 ,29 ,21 ,19 ,31 ,26 / 1
960602 :44 ,23 ,49 ,43 ,15 ,16 / 1
960609 :1 ,35 ,27 ,9 ,14 ,36 / 1
960616 :49 ,40 ,23 ,16 ,26 ,24 / 1
960623 :15 ,22 ,19 ,2 ,29 ,31 / 1
960630 :33 ,14 ,41 ,2 ,46 ,21 / 1
960707 :41 ,8 ,9 ,12 ,2 ,44 / 1
960714 :27 ,6 ,9 ,13 ,43 ,18 / 1
960721 :36 ,10 ,37 ,16 ,23 ,46 / 1
960728 :39 ,32 ,25 ,17 ,9 ,42 / 1
960804 :8 ,40 ,48 ,15 ,17 ,14 / 1
960811 :14 ,46 ,16 ,49 ,17 ,1 / 1
960818 :29 ,28 ,1 ,5 ,48 ,47 / 1
960825 :44 ,1 ,25 ,20 ,46 ,34 / 1
960901 :36 ,13 ,19 ,15 ,11 ,3 / 1
960908 :20 ,39 ,30 ,1 ,32 ,2 / 1
960915 :20 ,5 ,1 ,8 ,36 ,7 / 1
960922 :18 ,4 ,3 ,37 ,35 ,25 / 1
960929 :28 ,4 ,8 ,29 ,32 ,20 / 1
961006 :36 ,13 ,47 ,27 ,44 ,7 / 1
961013 :27 ,23 ,31 ,34 ,17 ,25 / 1
961020 :7 ,2 ,43 ,42 ,13 ,5 / 1
961027 :40 ,20 ,17 ,39 ,34 ,9 / 1
961103 :16 ,48 ,49 ,45 ,34 ,15 / 1
961110 :34 ,22 ,24 ,12 ,10 ,37 / 1
961117 :23 ,32 ,46 ,6 ,27 ,14 / 1
961124 :3 ,15 ,13 ,35 ,36 ,5 / 1
961201 :21 ,45 ,5 ,7 ,37 ,48 / 1
961208 :47 ,20 ,3 ,16 ,33 ,35 / 1
961215 :31 ,15 ,38 ,46 ,23 ,10 / 1
961222 :35 ,48 ,49 ,23 ,14 ,29 / 1
970102 :26 ,25 ,23 ,5 ,13 ,35 / 1
970112 :2 ,24 ,20 ,18 ,10 ,29 / 1
970119 :9 ,43 ,42 ,33 ,12 ,23 / 1
970126 :24 ,27 ,23 ,33 ,18 ,29 / 1
970202 :17 ,11 ,1 ,20 ,13 ,23 / 1
970209 :7 ,48 ,43 ,4 ,17 ,45 / 1
970216 :18 ,17 ,28 ,8 ,20 ,5 / 1
970223 :39 ,18 ,33 ,15 ,20 ,23 / 1
970302 :42 ,36 ,6 ,10 ,17 ,16 / 1
970309 :29 ,27 ,37 ,38 ,1 ,12 / 1
970316 :12 ,9 ,23 ,46 ,19 ,37 / 1
970323 :5 ,13 ,33 ,37 ,16 ,22 / 1
970330 :5 ,11 ,28 ,18 ,39 ,27 / 1
970406 :5 ,49 ,22 ,8 ,24 ,16 / 1
970413 :1 ,41 ,6 ,25 ,31 ,14 / 1
970420 :25 ,3 ,8 ,24 ,2 ,27 / 1
970429 :1 ,13 ,45 ,20 ,21 ,12 / 1
970504 :43 ,33 ,42 ,46 ,17 ,7 / 1
970511 :31 ,45 ,16 ,29 ,32 ,28 / 1
970518 :20 ,26 ,42 ,36 ,49 ,9 / 1
970525 :14 ,15 ,11 ,46 ,41 ,16 / 1
970601 :19 ,23 ,32 ,18 ,36 ,15 / 1
970608 :26 ,37 ,30 ,27 ,23 ,39 / 1
970615 :45 ,17 ,14 ,29 ,39 ,27 / 1
970622 :46 ,43 ,9 ,40 ,4 ,34 / 1
970629 :38 ,35 ,48 ,9 ,34 ,37 / 1
970706 :23 ,16 ,17 ,9 ,15 ,26 / 1
970713 :33 ,32 ,9 ,1 ,42 ,3 / 1
970720 :14 ,28 ,10 ,24 ,2 ,11 / 1
970727 :4 ,44 ,20 ,10 ,7 ,11 / 1
970803 :24 ,42 ,2 ,30 ,26 ,28 / 1
970810 :2 ,48 ,9 ,34 ,42 ,8 / 1
970817 :46 ,37 ,3 ,43 ,34 ,30 / 1
970824 :46 ,13 ,48 ,29 ,39 ,3 / 1
970831 :38 ,49 ,22 ,34 ,46 ,14 / 1
970907 :19 ,46 ,13 ,9 ,15 ,14 / 1
970914 :40 ,21 ,47 ,2 ,31 ,45 / 1
970921 :20 ,26 ,43 ,17 ,41 ,38 / 1
970928 :43 ,17 ,22 ,20 ,34 ,23 / 1
971005 :25 ,19 ,12 ,45 ,49 ,5 / 1
971012 :48 ,1 ,43 ,32 ,26 ,24 / 1
971019 :41 ,42 ,13 ,4 ,3 ,49 / 1
971026 :26 ,10 ,4 ,36 ,25 ,46 / 1
971102 :30 ,1 ,46 ,28 ,48 ,45 / 1
971109 :30 ,3 ,37 ,5 ,20 ,2 / 1
971116 :31 ,22 ,29 ,13 ,15 ,21 / 1
971123 :38 ,6 ,34 ,35 ,15 ,46 / 1
971130 :30 ,1 ,42 ,3 ,18 ,49 / 1
971207 :4 ,16 ,39 ,29 ,45 ,11 / 1
971214 :27 ,42 ,31 ,6 ,9 ,21 / 1
971221 :24 ,12 ,46 ,6 ,26 ,27 / 1
980104 :17 ,23 ,5 ,35 ,34 ,24 / 1
980111 :27 ,32 ,20 ,28 ,29 ,12 / 1
980118 :16 ,33 ,21 ,8 ,23 ,43 / 1
980125 :26 ,46 ,1 ,27 ,30 ,13 / 1
980201 :23 ,10 ,48 ,44 ,19 ,18 / 1
980208 :42 ,2 ,4 ,21 ,1 ,29 / 1
980215 :5 ,33 ,36 ,31 ,39 ,46 / 1
980222 :24 ,35 ,23 ,7 ,15 ,38 / 1
980301 :17 ,34 ,11 ,2 ,45 ,30 / 1
980308 :33 ,14 ,49 ,46 ,36 ,45 / 1
980315 :49 ,35 ,33 ,24 ,36 ,43 / 1
980322 :4 ,48 ,27 ,26 ,30 ,44 / 1
980329 :39 ,13 ,23 ,4 ,8 ,29 / 1
980405 :8 ,7 ,18 ,25 ,41 ,12 / 1
980412 :47 ,11 ,25 ,15 ,40 ,7 / 1
980421 :9 ,26 ,43 ,5 ,7 ,24 / 1
980426 :22 ,1 ,45 ,34 ,15 ,26 / 1
980503 :33 ,22 ,49 ,31 ,35 ,10 / 1
980510 :43 ,40 ,48 ,5 ,11 ,29 / 1
980517 :21 ,44 ,13 ,5 ,9 ,41 / 1
980524 :20 ,8 ,43 ,46 ,48 ,26 / 1
980531 :11 ,33 ,46 ,15 ,4 ,44 / 1
980607 :44 ,32 ,45 ,21 ,31 ,37 / 1
980614 :33 ,43 ,5 ,29 ,47 ,21 / 1
980621 :16 ,5 ,17 ,13 ,4 ,28 / 1
980628 :48 ,30 ,15 ,22 ,5 ,35 / 1
980705 :21 ,43 ,17 ,14 ,12 ,11 / 1
980712 :16 ,22 ,13 ,20 ,6 ,1 / 1
980719 :9 ,18 ,11 ,49 ,21 ,29 / 1
980726 :28 ,5 ,8 ,17 ,13 ,24 / 1
980802 :39 ,29 ,15 ,33 ,23 ,7 / 1
980809 :47 ,29 ,36 ,42 ,25 ,20 / 1
980816 :34 ,25 ,3 ,43 ,33 ,6 / 1
980823 :15 ,23 ,21 ,29 ,44 ,6 / 1
980830 :49 ,18 ,30 ,10 ,22 ,27 / 1
980906 :15 ,27 ,35 ,17 ,7 ,44 / 1
980913 :22 ,44 ,42 ,10 ,14 ,49 / 1
980920 :20 ,3 ,9 ,39 ,24 ,11 / 1
980927 :18 ,3 ,26 ,16 ,13 ,5 / 1
981004 :40 ,45 ,24 ,33 ,13 ,9 / 1
981011 :13 ,18 ,32 ,38 ,46 ,26 / 1
981018 :22 ,13 ,42 ,36 ,26 ,38 / 1
981025 :31 ,43 ,44 ,13 ,32 ,16 / 1
981101 :6 ,19 ,36 ,25 ,2 ,32 / 1
981108 :7 ,48 ,17 ,26 ,10 ,15 / 1
981115 :13 ,34 ,39 ,28 ,15 ,37 / 1
981122 :12 ,37 ,4 ,30 ,46 ,36 / 1
981129 :30 ,22 ,19 ,34 ,32 ,15 / 1
981206 :25 ,16 ,27 ,33 ,26 ,22 / 1
981213 :28 ,8 ,43 ,31 ,18 ,24 / 1
981220 :19 ,36 ,48 ,23 ,41 ,29 / 1
990103 :13 ,12 ,18 ,38 ,25 ,33 / 1
990110 :11 ,36 ,41 ,38 ,43 ,18 / 1
990117 :12 ,45 ,25 ,18 ,30 ,21 / 1
990124 :37 ,10 ,35 ,41 ,20 ,43 / 1
990131 :23 ,28 ,36 ,3 ,2 ,38 / 1
990207 :37 ,43 ,38 ,36 ,40 ,20 / 1
990214 :35 ,17 ,48 ,45 ,36 ,1 / 1
990221 :38 ,40 ,43 ,33 ,32 ,29 / 1
990228 :10 ,15 ,3 ,43 ,37 ,28 / 1
990307 :13 ,26 ,45 ,2 ,11 ,31 / 1
990314 :48 ,24 ,29 ,23 ,7 ,32 / 1
990321 :47 ,9 ,41 ,2 ,30 ,10 / 1
990328 :30 ,17 ,49 ,27 ,3 ,5 / 1
990404 :11 ,31 ,35 ,18 ,7 ,22 / 1
990413 :17 ,26 ,1 ,29 ,6 ,10 / 1
990418 :49 ,29 ,45 ,31 ,39 ,26 / 1
990425 :8 ,42 ,6 ,47 ,2 ,20 / 1
990502 :3 ,24 ,27 ,29 ,26 ,23 / 1
990509 :24 ,2 ,13 ,30 ,26 ,27 / 1
990516 :36 ,33 ,26 ,3 ,10 ,14 / 1
990523 :26 ,33 ,38 ,30 ,3 ,23 / 1
990530 :44 ,20 ,25 ,16 ,31 ,24 / 1
990606 :23 ,17 ,9 ,44 ,11 ,31 / 1
990613 :49 ,26 ,24 ,19 ,11 ,15 / 1
990620 :18 ,6 ,32 ,30 ,24 ,40 / 1
990627 :49 ,27 ,26 ,41 ,16 ,31 / 1
990704 :12 ,13 ,15 ,38 ,43 ,34 / 1
990711 :24 ,8 ,10 ,13 ,28 ,44 / 1
990718 :14 ,20 ,24 ,9 ,4 ,39 / 1
990725 :16 ,20 ,39 ,49 ,28 ,22 / 1
990801 :48 ,25 ,2 ,22 ,31 ,43 / 1
990808 :21 ,34 ,18 ,32 ,35 ,10 / 1
990815 :30 ,27 ,9 ,40 ,44 ,7 / 1
990822 :49 ,16 ,6 ,43 ,36 ,9 / 1
990829 :14 ,23 ,22 ,30 ,6 ,15 / 1
990905 :12 ,46 ,49 ,47 ,35 ,45 / 1
990912 :46 ,17 ,8 ,26 ,15 ,23 / 1
990919 :33 ,37 ,19 ,47 ,22 ,26 / 1
990926 :49 ,46 ,26 ,12 ,22 ,39 / 1
991003 :13 ,19 ,33 ,42 ,3 ,28 / 1
991010 :18 ,24 ,17 ,46 ,41 ,12 / 1
991017 :45 ,48 ,33 ,5 ,9 ,15 / 1
991024 :35 ,47 ,6 ,20 ,5 ,45 / 1
991031 :27 ,38 ,34 ,11 ,5 ,47 / 1
991107 :36 ,40 ,8 ,33 ,5 ,49 / 1
991114 :25 ,47 ,43 ,6 ,18 ,20 / 1
991121 :6 ,23 ,2 ,43 ,13 ,40 / 1
991128 :31 ,10 ,39 ,11 ,35 ,29 / 1
991205 :18 ,38 ,41 ,33 ,6 ,7 / 1
991212 :39 ,38 ,26 ,24 ,18 ,16 / 1
991219 :31 ,37 ,32 ,38 ,22 ,13 / 1
991226 :12 ,32 ,4 ,30 ,41 ,33 / 1
200102 :13 ,8 ,15 ,2 ,1 ,37 / 1
200109 :33 ,29 ,39 ,17 ,41 ,13 / 1
200116 :16 ,7 ,22 ,13 ,1 ,6 / 1
200123 :46 ,41 ,17 ,6 ,29 ,2 / 1
200130 :14 ,4 ,13 ,34 ,12 ,40 / 1
200206 :8 ,12 ,42 ,6 ,20 ,29 / 1
200213 :2 ,47 ,23 ,48 ,33 ,8 / 1
200220 :23 ,44 ,6 ,5 ,45 ,11 / 1
200227 :23 ,12 ,36 ,38 ,41 ,17 / 1
200305 :8 ,48 ,28 ,23 ,7 ,17 / 1
200312 :36 ,49 ,16 ,2 ,47 ,19 / 1
200319 :23 ,37 ,42 ,47 ,21 ,48 / 1
200326 :30 ,11 ,23 ,1 ,6 ,43 / 1
200402 :5 ,10 ,25 ,18 ,35 ,27 / 1
200409 :3 ,31 ,22 ,35 ,40 ,18 / 1
200416 :43 ,34 ,7 ,30 ,28 ,3 / 1
200423 :3 ,20 ,45 ,42 ,11 ,31 / 1
200430 :19 ,30 ,33 ,31 ,1 ,41 / 1
200507 :30 ,37 ,33 ,34 ,29 ,16 / 1
200514 :5 ,4 ,27 ,3 ,41 ,37 / 1
200521 :25 ,28 ,39 ,40 ,17 ,37 / 1
200528 :12 ,6 ,46 ,37 ,47 ,17 / 1
200604 :49 ,23 ,13 ,10 ,8 ,38 / 1
200611 :45 ,7 ,36 ,24 ,21 ,25 / 1
200618 :48 ,9 ,32 ,20 ,17 ,6 / 1
200625 :4 ,3 ,13 ,31 ,34 ,49 / 1
200702 :29 ,43 ,36 ,4 ,30 ,47 / 1
200709 :11 ,16 ,27 ,3 ,45 ,4 / 1
200716 :11 ,40 ,47 ,22 ,9 ,48 / 1
200723 :4 ,23 ,20 ,2 ,14 ,43 / 1
200730 :45 ,23 ,16 ,35 ,24 ,1 / 1
200806 :12 ,18 ,29 ,49 ,9 ,11 / 1
200813 :35 ,47 ,26 ,16 ,18 ,48 / 1
200820 :34 ,35 ,25 ,2 ,8 ,10 / 1
200827 :1 ,36 ,38 ,29 ,15 ,21 / 1
200903 :33 ,22 ,3 ,2 ,34 ,11 / 1
200910 :17 ,29 ,14 ,46 ,11 ,23 / 1
200917 :4 ,12 ,47 ,26 ,11 ,17 / 1
200924 :20 ,18 ,10 ,38 ,22 ,41 / 1
201001 :15 ,33 ,23 ,9 ,47 ,24 / 1
201008 :30 ,25 ,1 ,5 ,18 ,9 / 1
201015 :13 ,4 ,11 ,8 ,9 ,27 / 1
201022 :15 ,14 ,36 ,21 ,11 ,9 / 1
201029 :44 ,9 ,7 ,34 ,33 ,29 / 1
201105 :23 ,32 ,37 ,27 ,46 ,39 / 1
201112 :37 ,20 ,21 ,32 ,6 ,44 / 1
201119 :3 ,46 ,26 ,36 ,17 ,10 / 1
201126 :46 ,36 ,47 ,6 ,25 ,38 / 1
201203 :31 ,47 ,29 ,40 ,7 ,5 / 1
201210 :17 ,36 ,45 ,47 ,19 ,10 / 1
201217 :27 ,21 ,31 ,4 ,19 ,35 / 1
201224 :13 ,16 ,34 ,15 ,17 ,9 / 1
010102 :16 ,46 ,18 ,15 ,25 ,31 / 1
010107 :18 ,47 ,45 ,20 ,9 ,39 / 1
010114 :30 ,7 ,2 ,32 ,49 ,12 / 1
010121 :40 ,14 ,13 ,26 ,19 ,32 / 1
010128 :7 ,11 ,20 ,10 ,32 ,21 / 1
010204 :14 ,24 ,39 ,21 ,36 ,43 / 1
010211 :39 ,15 ,20 ,16 ,21 ,19 / 1
010218 :34 ,6 ,32 ,29 ,4 ,19 / 1
010225 :32 ,4 ,1 ,40 ,38 ,25 / 1
010304 :8 ,38 ,27 ,16 ,19 ,40 / 1
010311 :42 ,7 ,14 ,15 ,21 ,12 / 1
010318 :22 ,36 ,2 ,41 ,1 ,9 / 1
010325 :9 ,26 ,7 ,39 ,18 ,15 / 1
010401 :43 ,32 ,30 ,16 ,48 ,15 / 1
010408 :43 ,44 ,36 ,23 ,34 ,21 / 1
010415 :5 ,6 ,9 ,44 ,8 ,34 / 1
010422 :6 ,36 ,14 ,18 ,19 ,21 / 1
010429 :46 ,38 ,12 ,41 ,30 ,10 / 1
010506 :34 ,17 ,44 ,13 ,47 ,12 / 1
010513 :24 ,33 ,3 ,37 ,26 ,32 / 1
010520 :3 ,41 ,47 ,14 ,23 ,8 / 1
010527 :19 ,47 ,28 ,38 ,29 ,9 / 1
010603 :10 ,3 ,9 ,39 ,12 ,14 / 1
010610 :19 ,22 ,16 ,17 ,42 ,33 / 1
010617 :12 ,24 ,28 ,44 ,17 ,39 / 1
010624 :43 ,44 ,48 ,3 ,46 ,41 / 1
010701 :49 ,17 ,41 ,13 ,27 ,8 / 1
010708 :18 ,42 ,8 ,23 ,21 ,22 / 1
010715 :1 ,42 ,36 ,29 ,25 ,30 / 1
010722 :30 ,40 ,42 ,22 ,19 ,13 / 1
010729 :12 ,2 ,47 ,23 ,34 ,32 / 1
010805 :30 ,43 ,22 ,13 ,49 ,32 / 1
010812 :45 ,26 ,47 ,22 ,18 ,17 / 1
010819 :34 ,41 ,33 ,47 ,23 ,35 / 1
010826 :27 ,16 ,10 ,21 ,22 ,38 / 1
010902 :2 ,1 ,13 ,42 ,25 ,3 / 1
010909 :6 ,8 ,40 ,41 ,43 ,9 / 1
010916 :26 ,23 ,29 ,41 ,15 ,39 / 1
010923 :28 ,33 ,18 ,16 ,45 ,9 / 1
010930 :35 ,47 ,40 ,37 ,15 ,39 / 1
011007 :18 ,15 ,33 ,41 ,49 ,46 / 1
011014 :31 ,45 ,44 ,27 ,20 ,42 / 1
011021 :44 ,45 ,29 ,1 ,37 ,21 / 1
011028 :41 ,18 ,33 ,39 ,35 ,28 / 1
011104 :4 ,23 ,32 ,10 ,30 ,13 / 1
011111 :2 ,37 ,1 ,33 ,40 ,23 / 1
011118 :16 ,21 ,23 ,25 ,15 ,3 / 1
011125 :39 ,22 ,49 ,33 ,40 ,30 / 1
011202 :43 ,25 ,16 ,30 ,32 ,27 / 1
011209 :46 ,4 ,24 ,22 ,2 ,40 / 1
011216 :23 ,34 ,48 ,42 ,33 ,19 / 1
011223 :29 ,40 ,8 ,2 ,22 ,1 / 1
020102 :14 ,18 ,29 ,47 ,28 ,6 / 1
020106 :26 ,39 ,6 ,25 ,14 ,16 / 1
020113 :10 ,31 ,33 ,43 ,45 ,41 / 1
020120 :24 ,29 ,35 ,5 ,43 ,30 / 1
020127 :13 ,49 ,47 ,15 ,5 ,35 / 1
020203 :4 ,30 ,39 ,14 ,20 ,42 / 1
020210 :43 ,32 ,39 ,42 ,36 ,14 / 1
020217 :22 ,36 ,47 ,34 ,16 ,3 / 1
020224 :32 ,6 ,17 ,36 ,30 ,27 / 1
020303 :38 ,49 ,48 ,32 ,26 ,24 / 1
020310 :11 ,27 ,41 ,14 ,7 ,22 / 1
020317 :5 ,34 ,47 ,45 ,9 ,1 / 1
020324 :44 ,10 ,21 ,37 ,36 ,24 / 1
020331 :24 ,47 ,32 ,33 ,44 ,22 / 1
020407 :47 ,13 ,4 ,44 ,39 ,29 / 1
020414 :14 ,48 ,5 ,9 ,11 ,34 / 1
020421 :22 ,21 ,25 ,2 ,1 ,49 / 1
020428 :38 ,3 ,6 ,12 ,43 ,40 / 1
020505 :7 ,35 ,48 ,47 ,40 ,17 / 1
020512 :44 ,45 ,36 ,32 ,33 ,28 / 1
020519 :1 ,42 ,7 ,4 ,9 ,10 / 1
020526 :47 ,19 ,38 ,1 ,48 ,21 / 1
020602 :2 ,27 ,19 ,6 ,10 ,30 / 1
020609 :31 ,25 ,29 ,10 ,20 ,24 / 1
020616 :33 ,45 ,22 ,39 ,14 ,27 / 1
020623 :41 ,47 ,12 ,5 ,31 ,18 / 1
020630 :34 ,27 ,33 ,48 ,41 ,49 / 1
020707 :6 ,36 ,1 ,18 ,34 ,33 / 1
020714 :29 ,5 ,21 ,6 ,10 ,38 / 1
020721 :41 ,5 ,28 ,39 ,47 ,9 / 1
020728 :1 ,20 ,36 ,11 ,3 ,28 / 1
020804 :29 ,21 ,14 ,32 ,46 ,23 / 1
020811 :6 ,48 ,9 ,12 ,36 ,10 / 1
020818 :44 ,28 ,47 ,15 ,7 ,38 / 1
020825 :19 ,18 ,28 ,8 ,22 ,31 / 1
020901 :4 ,16 ,37 ,20 ,1 ,43 / 1
020908 :31 ,48 ,45 ,47 ,6 ,17 / 1
020915 :36 ,15 ,14 ,8 ,38 ,12 / 1
020922 :33 ,7 ,43 ,29 ,13 ,37 / 1
020929 :21 ,14 ,3 ,44 ,4 ,24 / 1
021006 :27 ,35 ,7 ,20 ,6 ,24 / 1
021013 :48 ,38 ,25 ,6 ,37 ,22 / 1
021020 :15 ,30 ,44 ,17 ,5 ,48 / 1
021027 :38 ,15 ,44 ,13 ,11 ,41 / 1
021103 :27 ,46 ,11 ,17 ,49 ,21 / 1
021110 :24 ,22 ,9 ,47 ,8 ,38 / 1
021117 :6 ,44 ,27 ,29 ,24 ,47 / 1
021124 :27 ,24 ,7 ,17 ,34 ,4 / 1
021201 :30 ,24 ,32 ,37 ,16 ,3 / 1
021208 :8 ,2 ,5 ,14 ,10 ,25 / 1
021215 :15 ,32 ,11 ,38 ,18 ,41 / 1
021222 :6 ,47 ,44 ,11 ,22 ,8 / 1
021231 :8 ,42 ,32 ,41 ,16 ,3 / 1
030112 :38 ,8 ,23 ,24 ,27 ,1 / 1
030119 :45 ,2 ,30 ,24 ,23 ,28 / 1
030126 :38 ,36 ,16 ,26 ,18 ,41 / 1
030202 :35 ,26 ,49 ,45 ,40 ,22 / 1
030209 :31 ,6 ,37 ,18 ,10 ,16 / 1
030216 :7 ,26 ,47 ,48 ,24 ,33 / 1
030223 :12 ,19 ,23 ,37 ,42 ,14 / 1
030302 :9 ,18 ,46 ,6 ,10 ,28 / 1
030309 :20 ,38 ,15 ,33 ,30 ,8 / 1
030316 :33 ,28 ,13 ,31 ,45 ,18 / 1
030323 :43 ,14 ,19 ,31 ,15 ,18 / 1
030330 :29 ,31 ,46 ,3 ,2 ,21 / 1
030406 :29 ,28 ,7 ,12 ,43 ,40 / 1
030413 :39 ,12 ,5 ,19 ,41 ,38 / 1
030420 :2 ,38 ,23 ,48 ,8 ,12 / 1
030427 :26 ,45 ,13 ,39 ,35 ,11 / 1
030504 :10 ,48 ,32 ,47 ,13 ,44 / 1
030511 :8 ,13 ,14 ,9 ,22 ,21 / 1
030518 :15 ,2 ,8 ,9 ,44 ,36 / 1
030525 :2 ,20 ,29 ,47 ,4 ,12 / 1
030601 :29 ,33 ,16 ,14 ,1 ,48 / 1
030608 :14 ,30 ,13 ,38 ,39 ,9 / 1
030615 :17 ,41 ,44 ,34 ,30 ,24 / 1
030622 :14 ,37 ,46 ,38 ,27 ,10 / 1
030629 :12 ,15 ,18 ,33 ,45 ,40 / 1
030706 :36 ,25 ,20 ,12 ,48 ,43 / 1
030713 :45 ,15 ,20 ,22 ,41 ,25 / 1
030720 :5 ,4 ,24 ,34 ,9 ,8 / 1
030727 :33 ,30 ,2 ,23 ,32 ,17 / 1
030803 :48 ,1 ,14 ,17 ,12 ,44 / 1
030810 :14 ,49 ,47 ,6 ,24 ,39 / 1
030817 :30 ,23 ,15 ,9 ,5 ,48 / 1
030824 :7 ,5 ,4 ,40 ,48 ,28 / 1
030831 :29 ,24 ,40 ,38 ,17 ,33 / 1
030907 :47 ,2 ,5 ,1 ,45 ,15 / 1
030914 :36 ,9 ,4 ,41 ,28 ,13 / 1
030921 :46 ,14 ,16 ,2 ,22 ,19 / 1
030928 :46 ,49 ,1 ,17 ,42 ,23 / 1
031005 :27 ,42 ,3 ,13 ,46 ,38 / 1
031012 :43 ,28 ,9 ,24 ,2 ,18 / 1
031019 :16 ,13 ,24 ,43 ,26 ,4 / 1
031026 :14 ,48 ,20 ,37 ,38 ,5 / 1
031102 :6 ,40 ,46 ,45 ,30 ,29 / 1
031109 :40 ,18 ,46 ,22 ,41 ,45 / 1
031116 :18 ,2 ,3 ,33 ,27 ,21 / 1
031123 :19 ,17 ,27 ,3 ,31 ,15 / 1
031130 :4 ,32 ,9 ,29 ,11 ,10 / 1
031207 :12 ,45 ,42 ,27 ,23 ,20 / 1
031214 :27 ,42 ,44 ,24 ,41 ,2 / 1
031221 :36 ,17 ,8 ,37 ,44 ,20 / 1
040104 :3 ,2 ,35 ,45 ,37 ,31 / 1
040111 :32 ,36 ,28 ,11 ,24 ,25 / 1
040118 :34 ,12 ,11 ,26 ,42 ,13 / 1
040125 :6 ,20 ,9 ,10 ,49 ,43 / 1
040201 :14 ,42 ,37 ,40 ,31 ,6 / 1
040208 :5 ,33 ,3 ,48 ,6 ,15 / 1
040215 :38 ,6 ,31 ,33 ,8 ,7 / 1
040222 :12 ,7 ,32 ,10 ,13 ,22 / 1
040229 :23 ,10 ,13 ,17 ,30 ,20 / 1
040307 :40 ,47 ,27 ,34 ,16 ,8 / 1
040314 :26 ,21 ,41 ,36 ,44 ,12 / 1
040321 :34 ,3 ,39 ,4 ,27 ,37 / 1
040328 :17 ,10 ,46 ,11 ,13 ,19 / 1
040404 :38 ,45 ,5 ,15 ,24 ,1 / 1
040411 :28 ,9 ,24 ,17 ,5 ,12 / 1
040418 :35 ,12 ,42 ,44 ,14 ,40 / 1
040425 :13 ,15 ,6 ,29 ,3 ,11 / 1
040502 :31 ,39 ,32 ,6 ,49 ,46 / 1
040509 :11 ,9 ,6 ,32 ,41 ,38 / 1
040516 :33 ,8 ,43 ,24 ,7 ,36 / 1
040523 :24 ,44 ,27 ,5 ,41 ,6 / 1
040530 :23 ,19 ,36 ,21 ,37 ,38 / 1
040606 :30 ,1 ,7 ,20 ,28 ,29 / 1
040613 :10 ,23 ,37 ,12 ,14 ,9 / 1
040620 :3 ,49 ,48 ,27 ,28 ,2 / 1
040627 :37 ,13 ,32 ,31 ,49 ,29 / 1
040704 :36 ,4 ,12 ,17 ,8 ,5 / 1
040711 :18 ,17 ,36 ,5 ,11 ,23 / 1
040718 :32 ,3 ,46 ,36 ,27 ,13 / 1
040725 :30 ,26 ,44 ,5 ,14 ,8 / 1
040801 :27 ,49 ,32 ,6 ,48 ,25 / 1
040808 :9 ,44 ,19 ,37 ,25 ,2 / 1
040815 :43 ,13 ,32 ,31 ,22 ,1 / 1
040822 :20 ,9 ,12 ,41 ,27 ,42 / 1
040829 :40 ,32 ,23 ,30 ,49 ,1 / 1
040905 :16 ,28 ,4 ,26 ,1 ,34 / 1
040912 :48 ,20 ,49 ,2 ,3 ,19 / 1
040919 :27 ,43 ,42 ,1 ,3 ,28 / 1
040926 :8 ,36 ,37 ,11 ,29 ,48 / 1
041003 :42 ,29 ,6 ,13 ,44 ,22 / 1
041010 :28 ,10 ,46 ,40 ,25 ,24 / 1
041017 :44 ,14 ,10 ,3 ,22 ,16 / 1
041024 :17 ,19 ,44 ,23 ,26 ,16 / 1
041031 :29 ,7 ,46 ,12 ,6 ,11 / 1
041107 :31 ,37 ,17 ,49 ,29 ,43 / 1
041114 :33 ,29 ,40 ,21 ,16 ,11 / 1
041121 :4 ,30 ,2 ,49 ,34 ,32 / 1
041128 :30 ,45 ,24 ,26 ,36 ,19 / 1
041205 :15 ,11 ,23 ,22 ,26 ,12 / 1
041212 :29 ,14 ,43 ,7 ,36 ,4 / 1
041219 :28 ,16 ,15 ,26 ,44 ,36 / 1
050102 :4 ,35 ,34 ,1 ,30 ,9 / 1
050109 :11 ,6 ,17 ,3 ,49 ,31 / 1
050116 :30 ,19 ,48 ,42 ,17 ,13 / 1
050123 :29 ,12 ,21 ,46 ,33 ,5 / 1
050130 :3 ,34 ,5 ,39 ,21 ,16 / 1
050206 :29 ,20 ,26 ,25 ,24 ,48 / 1
050213 :41 ,46 ,36 ,14 ,17 ,21 / 1
050220 :46 ,21 ,39 ,2 ,24 ,30 / 1
050227 :12 ,47 ,33 ,4 ,41 ,3 / 1
050306 :13 ,24 ,15 ,36 ,10 ,32 / 1
050313 :19 ,47 ,22 ,20 ,30 ,48 / 1
050320 :37 ,3 ,17 ,32 ,31 ,26 / 1
050327 :14 ,16 ,18 ,7 ,35 ,38 / 1
050403 :14 ,29 ,24 ,15 ,3 ,22 / 1
050410 :9 ,14 ,34 ,44 ,37 ,8 / 1
050417 :36 ,4 ,27 ,1 ,39 ,43 / 1
050424 :35 ,33 ,32 ,47 ,11 ,29 / 1
050501 :3 ,44 ,33 ,12 ,26 ,43 / 1
050508 :45 ,15 ,47 ,41 ,28 ,7 / 1
050515 :48 ,14 ,41 ,20 ,24 ,17 / 1
050522 :48 ,17 ,39 ,43 ,10 ,29 / 1
050529 :21 ,31 ,34 ,32 ,47 ,4 / 1
050605 :42 ,11 ,17 ,44 ,22 ,3 / 1
050612 :4 ,20 ,45 ,30 ,38 ,19 / 1
050619 :14 ,49 ,26 ,31 ,36 ,38 / 1
050626 :44 ,30 ,23 ,39 ,29 ,34 / 1
050703 :41 ,15 ,44 ,3 ,23 ,40 / 1
050710 :39 ,2 ,48 ,12 ,20 ,37 / 1
050717 :12 ,26 ,1 ,35 ,2 ,19 / 1
050724 :45 ,26 ,8 ,1 ,19 ,42 / 1
050731 :17 ,40 ,28 ,8 ,1 ,29 / 1
050807 :15 ,48 ,12 ,13 ,10 ,11 / 1
050814 :34 ,32 ,1 ,16 ,37 ,5 / 1
050821 :9 ,28 ,23 ,21 ,16 ,27 / 1
050828 :23 ,12 ,14 ,31 ,16 ,1 / 1
050904 :13 ,27 ,34 ,29 ,15 ,24 / 1
050911 :2 ,28 ,1 ,41 ,20 ,42 / 1
050918 :12 ,29 ,6 ,11 ,40 ,36 / 1
050925 :45 ,1 ,11 ,3 ,27 ,48 / 1
051002 :11 ,46 ,7 ,26 ,8 ,27 / 1
051009 :36 ,2 ,37 ,44 ,41 ,22 / 1
051016 :36 ,15 ,43 ,7 ,38 ,41 / 1
051023 :16 ,29 ,28 ,33 ,6 ,24 / 1
051030 :43 ,13 ,29 ,30 ,23 ,18 / 1
051106 :24 ,44 ,41 ,5 ,49 ,2 / 1
051113 :35 ,17 ,18 ,44 ,26 ,39 / 1
051120 :24 ,42 ,13 ,44 ,2 ,9 / 1
051127 :35 ,49 ,33 ,8 ,3 ,20 / 1
051204 :14 ,29 ,41 ,13 ,46 ,25 / 1
051211 :20 ,10 ,4 ,49 ,22 ,7 / 1
051218 :15 ,36 ,37 ,1 ,47 ,17 / 1
060101 :15 ,41 ,35 ,17 ,7 ,20 / 1
060108 :49 ,14 ,33 ,1 ,42 ,34 / 1
060115 :13 ,24 ,43 ,28 ,22 ,29 / 1
060122 :3 ,37 ,34 ,41 ,43 ,9 / 1
060129 :12 ,25 ,49 ,18 ,11 ,6 / 1
060205 :25 ,23 ,15 ,48 ,37 ,36 / 1
060212 :35 ,43 ,20 ,18 ,39 ,25 / 1
060219 :36 ,1 ,31 ,33 ,43 ,46 / 1
060226 :43 ,25 ,49 ,32 ,18 ,33 / 1
060305 :34 ,12 ,43 ,31 ,5 ,15 / 1
060312 :31 ,42 ,46 ,30 ,14 ,44 / 1
060319 :30 ,35 ,3 ,42 ,6 ,46 / 1
060326 :15 ,27 ,19 ,18 ,11 ,16 / 1
060402 :7 ,29 ,3 ,16 ,21 ,34 / 1
060409 :34 ,49 ,18 ,17 ,41 ,45 / 1
060416 :27 ,39 ,10 ,34 ,19 ,28 / 1
060423 :18 ,43 ,30 ,39 ,31 ,20 / 1
060430 :37 ,48 ,28 ,45 ,11 ,46 / 1
060507 :8 ,28 ,41 ,48 ,26 ,44 / 1
060514 :12 ,4 ,45 ,3 ,43 ,25 / 1
060521 :34 ,48 ,29 ,36 ,13 ,1 / 1
060528 :2 ,30 ,29 ,6 ,23 ,45 / 1
060604 :27 ,10 ,19 ,42 ,46 ,12 / 1
060611 :20 ,35 ,13 ,10 ,41 ,31 / 1
060618 :4 ,13 ,2 ,8 ,24 ,11 / 1
060625 :44 ,45 ,10 ,35 ,39 ,28 / 1
060702 :39 ,40 ,41 ,38 ,30 ,5 / 1
060709 :34 ,13 ,32 ,41 ,18 ,26 / 1
060716 :1 ,25 ,36 ,22 ,10 ,11 / 1
060723 :5 ,26 ,21 ,28 ,48 ,33 / 1
060730 :40 ,47 ,8 ,6 ,29 ,37 / 1
060806 :26 ,33 ,23 ,32 ,18 ,13 / 1
060813 :2 ,45 ,20 ,48 ,21 ,12 / 1
060820 :44 ,36 ,2 ,21 ,9 ,13 / 1
060827 :16 ,26 ,31 ,40 ,37 ,33 / 1
060903 :20 ,6 ,22 ,48 ,23 ,19 / 1
060910 :20 ,34 ,1 ,13 ,30 ,38 / 1
060917 :4 ,23 ,21 ,32 ,3 ,37 / 1
060924 :29 ,13 ,36 ,22 ,16 ,47 / 1
061001 :13 ,19 ,49 ,33 ,39 ,16 / 1
061008 :24 ,34 ,16 ,18 ,41 ,2 / 1
061015 :35 ,8 ,46 ,41 ,5 ,37 / 1
061022 :1 ,35 ,47 ,20 ,25 ,46 / 1
061029 :20 ,29 ,34 ,4 ,27 ,9 / 1
061105 :25 ,47 ,42 ,43 ,29 ,5 / 1
061112 :15 ,41 ,22 ,38 ,18 ,20 / 1
061119 :3 ,41 ,35 ,26 ,34 ,21 / 1
061126 :17 ,40 ,28 ,29 ,1 ,19 / 1
061203 :2 ,4 ,3 ,12 ,29 ,20 / 1
061210 :39 ,11 ,48 ,26 ,33 ,30 / 1
061217 :46 ,19 ,16 ,48 ,12 ,3 / 1
061231 :46 ,29 ,8 ,15 ,36 ,10 / 1
070107 :31 ,41 ,37 ,10 ,46 ,25 / 1
070114 :39 ,43 ,21 ,9 ,7 ,22 / 1
070121 :27 ,30 ,47 ,20 ,48 ,10 / 1
070128 :49 ,8 ,26 ,37 ,2 ,36 / 1
070204 :28 ,6 ,33 ,8 ,42 ,20 / 1
070211 :13 ,7 ,1 ,5 ,11 ,27 / 1
070218 :5 ,38 ,35 ,48 ,32 ,15 / 1
070225 :5 ,24 ,13 ,28 ,42 ,14 / 1
070304 :15 ,41 ,29 ,45 ,17 ,22 / 1
070311 :41 ,35 ,13 ,1 ,20 ,12 / 1
070318 :5 ,21 ,18 ,45 ,30 ,42 / 1
070325 :42 ,44 ,17 ,9 ,23 ,7 / 1
070401 :44 ,49 ,43 ,19 ,10 ,21 / 1
070408 :10 ,38 ,40 ,45 ,26 ,44 / 1
070415 :35 ,28 ,6 ,12 ,15 ,27 / 1
070422 :6 ,49 ,16 ,36 ,35 ,17 / 1
070429 :31 ,28 ,36 ,48 ,15 ,39 / 1
070506 :41 ,12 ,22 ,11 ,30 ,44 / 1
070513 :16 ,1 ,44 ,26 ,4 ,19 / 1
070520 :36 ,26 ,42 ,1 ,30 ,18 / 1
070527 :17 ,13 ,21 ,40 ,25 ,42 / 1
070603 :16 ,44 ,5 ,39 ,14 ,15 / 1
070610 :48 ,22 ,18 ,20 ,34 ,3 / 1
070617 :25 ,10 ,26 ,30 ,5 ,48 / 1
070624 :28 ,18 ,11 ,24 ,31 ,39 / 1
070701 :29 ,39 ,15 ,14 ,23 ,9 / 1
070708 :8 ,41 ,46 ,12 ,4 ,17 / 1
070715 :36 ,41 ,44 ,46 ,48 ,10 / 1
070722 :24 ,47 ,46 ,30 ,9 ,23 / 1
070729 :43 ,19 ,13 ,46 ,38 ,42 / 1
070805 :44 ,4 ,38 ,28 ,37 ,35 / 1
070812 :42 ,43 ,18 ,47 ,46 ,44 / 1
070819 :46 ,34 ,45 ,3 ,19 ,30 / 1
070826 :46 ,35 ,42 ,1 ,2 ,34 / 1
070902 :45 ,43 ,44 ,9 ,11 ,31 / 1
070909 :1 ,25 ,22 ,34 ,11 ,24 / 1
070916 :34 ,25 ,41 ,43 ,9 ,5 / 1
070923 :45 ,40 ,28 ,25 ,46 ,32 / 1
070930 :25 ,41 ,39 ,42 ,20 ,23 / 1
071007 :2 ,42 ,31 ,17 ,48 ,12 / 1
071014 :30 ,43 ,32 ,24 ,17 ,33 / 1
071021 :27 ,42 ,21 ,43 ,11 ,16 / 1
071028 :47 ,10 ,15 ,12 ,44 ,23 / 1
071104 :28 ,48 ,12 ,41 ,3 ,42 / 1
071111 :26 ,2 ,47 ,48 ,5 ,18 / 1
071118 :33 ,28 ,21 ,46 ,19 ,10 / 1
071125 :15 ,31 ,40 ,21 ,33 ,8 / 1
071202 :4 ,23 ,6 ,26 ,9 ,25 / 1
071209 :14 ,38 ,46 ,45 ,15 ,20 / 1
071216 :16 ,10 ,41 ,29 ,40 ,24 / 1
071230 :4 ,15 ,42 ,14 ,12 ,40 / 1
080106 :26 ,7 ,48 ,12 ,24 ,11 / 1
080113 :33 ,35 ,23 ,12 ,19 ,25 / 1
080120 :29 ,40 ,45 ,26 ,4 ,46 / 1
080127 :36 ,6 ,47 ,24 ,20 ,2 / 1
080203 :29 ,7 ,34 ,45 ,13 ,28 / 1
080210 :25 ,9 ,27 ,47 ,2 ,12 / 1
080217 :11 ,27 ,35 ,48 ,42 ,31 / 1
080224 :32 ,47 ,42 ,29 ,26 ,9 / 1
080302 :9 ,35 ,39 ,12 ,46 ,18 / 1
080309 :21 ,45 ,29 ,15 ,26 ,27 / 1
080316 :27 ,13 ,16 ,35 ,45 ,11 / 1
080323 :23 ,1 ,30 ,6 ,20 ,46 / 1
080330 :42 ,45 ,43 ,5 ,31 ,46 / 1
080406 :5 ,19 ,25 ,47 ,45 ,38 / 1
080413 :16 ,17 ,5 ,11 ,26 ,39 / 1
080420 :20 ,10 ,38 ,24 ,5 ,19 / 1
080427 :19 ,11 ,36 ,35 ,43 ,30 / 1
080504 :35 ,4 ,30 ,26 ,47 ,3 / 1
080511 :45 ,19 ,16 ,33 ,38 ,26 / 1
080518 :28 ,30 ,9 ,22 ,41 ,4 / 1
080525 :4 ,9 ,3 ,49 ,39 ,19 / 1
080601 :22 ,10 ,31 ,6 ,23 ,8 / 1
080608 :17 ,8 ,32 ,25 ,6 ,33 / 1
080615 :32 ,26 ,5 ,34 ,19 ,3 / 1
080622 :35 ,36 ,25 ,32 ,10 ,48 / 1
080629 :41 ,6 ,17 ,21 ,12 ,35 / 1
080706 :5 ,19 ,2 ,18 ,7 ,20 / 1
080713 :13 ,12 ,3 ,31 ,2 ,37 / 1
080720 :7 ,9 ,43 ,47 ,42 ,31 / 1
080727 :9 ,20 ,33 ,38 ,41 ,4 / 1
080803 :8 ,9 ,48 ,5 ,18 ,46 / 1
080810 :7 ,9 ,37 ,35 ,8 ,46 / 1
080817 :35 ,46 ,34 ,47 ,41 ,37 / 1
080824 :3 ,22 ,21 ,15 ,10 ,41 / 1
080831 :38 ,4 ,26 ,12 ,20 ,13 / 1
080907 :27 ,18 ,2 ,1 ,39 ,45 / 1
080914 :5 ,21 ,34 ,14 ,11 ,35 / 1
080921 :38 ,22 ,14 ,37 ,19 ,23 / 1
080928 :16 ,17 ,24 ,21 ,48 ,32 / 1
081005 :13 ,25 ,8 ,21 ,37 ,44 / 1
081012 :1 ,48 ,24 ,4 ,33 ,3 / 1
081019 :34 ,13 ,33 ,29 ,7 ,49 / 1
081026 :18 ,34 ,32 ,40 ,49 ,46 / 1
081102 :6 ,8 ,37 ,27 ,39 ,5 / 1
081109 :10 ,22 ,2 ,33 ,45 ,11 / 1
081116 :12 ,30 ,36 ,14 ,4 ,45 / 1
081123 :5 ,27 ,6 ,8 ,30 ,48 / 1
081130 :36 ,14 ,4 ,13 ,1 ,29 / 1
081207 :41 ,22 ,13 ,34 ,3 ,27 / 1
081214 :49 ,34 ,7 ,8 ,33 ,16 / 1
081228 :36 ,39 ,22 ,7 ,8 ,28 / 1
090118 :37 ,43 ,41 ,11 ,20 ,7 / 1
090125 :14 ,29 ,39 ,5 ,4 ,23 / 1
090201 :44 ,21 ,7 ,1 ,41 ,34 / 1
090208 :33 ,6 ,25 ,5 ,31 ,49 / 1
090215 :15 ,23 ,9 ,5 ,25 ,28 / 1
090222 :3 ,9 ,20 ,39 ,15 ,46 / 1
090301 :41 ,18 ,11 ,34 ,30 ,21 / 1
090308 :48 ,20 ,26 ,24 ,1 ,9 / 1
090315 :2 ,38 ,29 ,7 ,48 ,26 / 1
090322 :14 ,47 ,21 ,27 ,39 ,45 / 1
090329 :44 ,17 ,7 ,35 ,38 ,16 / 1
090405 :37 ,15 ,22 ,8 ,36 ,2 / 1
090412 :32 ,22 ,3 ,35 ,29 ,17 / 1
090419 :38 ,28 ,1 ,2 ,36 ,42 / 1
090426 :27 ,48 ,19 ,2 ,39 ,25 / 1
090503 :25 ,38 ,34 ,6 ,4 ,15 / 1
090510 :38 ,28 ,13 ,14 ,6 ,33 / 1
090517 :11 ,24 ,46 ,30 ,38 ,19 / 1
090524 :3 ,6 ,27 ,20 ,29 ,48 / 1
090531 :12 ,28 ,36 ,24 ,38 ,22 / 1
090607 :15 ,44 ,19 ,7 ,37 ,30 / 1
090614 :3 ,10 ,24 ,48 ,13 ,47 / 1
090621 :25 ,21 ,46 ,26 ,28 ,11 / 1
090628 :31 ,10 ,16 ,33 ,38 ,8 / 1
090702 :9 ,45 ,10 ,35 ,43 ,13 / 1
090705 :44 ,39 ,18 ,2 ,41 ,22 / 1
090709 :3 ,19 ,39 ,37 ,6 ,4 / 1
090712 :25 ,4 ,6 ,20 ,22 ,44 / 1
090716 :42 ,26 ,44 ,9 ,32 ,5 / 1
090719 :49 ,27 ,42 ,13 ,21 ,15 / 1
090723 :40 ,6 ,3 ,28 ,2 ,42 / 1
090726 :36 ,28 ,41 ,27 ,24 ,43 / 1
090730 :43 ,13 ,38 ,17 ,28 ,31 / 1
090802 :30 ,13 ,46 ,38 ,8 ,33 / 1
090806 :49 ,25 ,17 ,36 ,6 ,21 / 1
090809 :11 ,20 ,45 ,7 ,26 ,4 / 1
090813 :2 ,7 ,39 ,36 ,9 ,33 / 1
090816 :44 ,7 ,5 ,47 ,23 ,36 / 1
090820 :36 ,6 ,42 ,4 ,8 ,5 / 1
090823 :16 ,5 ,18 ,11 ,4 ,9 / 1
090827 :36 ,46 ,39 ,43 ,41 ,25 / 1
090830 :28 ,46 ,45 ,48 ,30 ,19 / 1
090903 :32 ,15 ,3 ,14 ,39 ,43 / 1
090906 :2 ,48 ,30 ,44 ,26 ,18 / 1
090910 :40 ,19 ,5 ,30 ,3 ,32 / 1
090913 :43 ,1 ,33 ,44 ,34 ,31 / 1
090917 :27 ,22 ,1 ,14 ,28 ,17 / 1
090920 :41 ,43 ,16 ,6 ,22 ,48 / 1
090924 :22 ,13 ,6 ,41 ,17 ,43 / 1
090927 :3 ,46 ,5 ,2 ,1 ,22 / 1
091001 :25 ,28 ,48 ,19 ,30 ,10 / 1
091004 :45 ,32 ,1 ,7 ,23 ,44 / 1
091008 :39 ,14 ,31 ,38 ,12 ,21 / 1
091011 :10 ,48 ,9 ,3 ,27 ,22 / 1
091015 :32 ,27 ,33 ,24 ,22 ,12 / 1
091018 :37 ,26 ,15 ,49 ,6 ,10 / 1
091022 :10 ,9 ,22 ,23 ,25 ,16 / 1
091025 :12 ,30 ,39 ,31 ,7 ,46 / 1
091029 :1 ,47 ,33 ,35 ,14 ,8 / 1
091101 :7 ,35 ,25 ,37 ,31 ,15 / 1
091105 :41 ,19 ,40 ,39 ,5 ,4 / 1
091108 :36 ,15 ,8 ,23 ,13 ,43 / 1
091112 :6 ,38 ,45 ,27 ,15 ,33 / 1
091115 :43 ,41 ,37 ,13 ,29 ,47 / 1
091119 :25 ,37 ,5 ,27 ,17 ,19 / 1
091122 :4 ,34 ,49 ,23 ,40 ,48 / 1
091126 :41 ,26 ,38 ,14 ,13 ,32 / 1
091129 :32 ,43 ,4 ,46 ,12 ,35 / 1
091203 :13 ,1 ,10 ,12 ,19 ,2 / 1
091206 :4 ,6 ,13 ,41 ,2 ,44 / 1
091210 :4 ,30 ,35 ,10 ,1 ,25 / 1
091213 :9 ,41 ,37 ,36 ,39 ,49 / 1
091217 :4 ,12 ,18 ,14 ,22 ,37 / 1
091220 :47 ,4 ,28 ,39 ,43 ,16 / 1
091224 :34 ,42 ,8 ,16 ,13 ,15 / 1
091231 :27 ,22 ,35 ,10 ,48 ,23 / 1
100107 :46 ,35 ,40 ,27 ,7 ,24 / 1
100110 :21 ,17 ,45 ,46 ,18 ,1 / 1
100114 :7 ,9 ,47 ,40 ,31 ,17 / 1
100117 :37 ,12 ,38 ,14 ,23 ,22 / 1
100121 :22 ,25 ,27 ,5 ,1 ,23 / 1
100124 :27 ,13 ,34 ,36 ,25 ,48 / 1
100128 :7 ,33 ,45 ,3 ,11 ,18 / 1
100131 :37 ,9 ,35 ,1 ,42 ,29 / 1
100204 :14 ,24 ,33 ,44 ,5 ,16 / 1
100207 :47 ,13 ,28 ,41 ,32 ,27 / 1
100211 :7 ,43 ,27 ,13 ,17 ,42 / 1
100214 :34 ,9 ,28 ,11 ,31 ,21 / 1
100218 :24 ,37 ,19 ,16 ,32 ,17 / 1
100221 :6 ,9 ,40 ,27 ,24 ,17 / 1
100225 :13 ,26 ,5 ,20 ,47 ,43 / 1
100228 :17 ,6 ,5 ,49 ,21 ,31 / 1
100304 :8 ,5 ,20 ,23 ,16 ,25 / 1
100307 :46 ,7 ,12 ,33 ,15 ,26 / 1
100311 :6 ,45 ,17 ,34 ,33 ,27 / 1
100314 :2 ,26 ,5 ,20 ,12 ,37 / 1
100318 :21 ,2 ,24 ,41 ,1 ,12 / 1
100321 :29 ,45 ,25 ,7 ,2 ,44 / 1
100325 :19 ,7 ,1 ,23 ,44 ,22 / 1
100328 :4 ,6 ,8 ,45 ,48 ,39 / 1
100401 :15 ,25 ,7 ,19 ,9 ,47 / 1
100404 :27 ,15 ,34 ,36 ,7 ,25 / 1
100408 :45 ,32 ,36 ,9 ,48 ,31 / 1
100411 :49 ,34 ,33 ,10 ,48 ,43 / 1
100415 :46 ,12 ,36 ,37 ,35 ,13 / 1
100418 :14 ,42 ,37 ,41 ,47 ,49 / 1
100422 :44 ,22 ,8 ,29 ,1 ,36 / 1
100425 :40 ,3 ,13 ,18 ,16 ,30 / 1
100429 :19 ,15 ,43 ,34 ,26 ,22 / 1
100502 :14 ,37 ,48 ,44 ,11 ,22 / 1
100506 :23 ,7 ,15 ,31 ,43 ,28 / 1
100509 :2 ,17 ,1 ,28 ,21 ,44 / 1
100513 :37 ,9 ,5 ,24 ,12 ,21 / 1
100516 :48 ,23 ,19 ,4 ,29 ,24 / 1
100520 :47 ,46 ,3 ,4 ,33 ,8 / 1
100523 :13 ,16 ,24 ,22 ,25 ,4 / 1
100527 :34 ,30 ,49 ,1 ,15 ,44 / 1
100530 :32 ,34 ,7 ,22 ,37 ,31 / 1
100603 :13 ,33 ,16 ,25 ,1 ,9 / 1
100606 :20 ,7 ,1 ,33 ,19 ,43 / 1
100610 :46 ,28 ,17 ,44 ,20 ,22 / 1
100613 :3 ,14 ,10 ,47 ,2 ,26 / 1
100617 :42 ,36 ,15 ,48 ,35 ,32 / 1
100620 :20 ,44 ,45 ,12 ,19 ,9 / 1
100624 :44 ,49 ,47 ,30 ,12 ,13 / 1
100627 :11 ,46 ,10 ,33 ,5 ,6 / 1
100701 :36 ,1 ,34 ,35 ,27 ,38 / 1
100704 :12 ,40 ,30 ,29 ,9 ,5 / 1
100708 :6 ,43 ,11 ,10 ,7 ,13 / 1
100711 :12 ,41 ,31 ,23 ,48 ,44 / 1
100715 :26 ,49 ,34 ,1 ,12 ,14 / 1
100718 :10 ,42 ,43 ,34 ,45 ,36 / 1
100722 :29 ,33 ,6 ,4 ,42 ,12 / 1
100725 :14 ,44 ,40 ,30 ,22 ,5 / 1
100729 :23 ,42 ,49 ,1 ,41 ,3 / 1
100801 :10 ,3 ,31 ,47 ,28 ,38 / 1
100805 :14 ,31 ,16 ,24 ,1 ,27 / 1
100808 :49 ,41 ,3 ,26 ,7 ,31 / 1
100812 :14 ,42 ,37 ,4 ,33 ,20 / 1
100815 :40 ,48 ,34 ,19 ,21 ,44 / 1
100819 :38 ,14 ,23 ,34 ,17 ,42 / 1
100822 :43 ,8 ,32 ,2 ,1 ,27 / 1
100826 :6 ,24 ,20 ,9 ,38 ,36 / 1
100829 :28 ,21 ,12 ,7 ,23 ,11 / 1
100902 :15 ,38 ,45 ,9 ,29 ,28 / 1
100905 :25 ,39 ,37 ,20 ,38 ,3 / 1
100909 :49 ,35 ,44 ,26 ,7 ,18 / 1
100912 :13 ,12 ,33 ,29 ,5 ,17 / 1
100916 :5 ,47 ,41 ,13 ,12 ,6 / 1
100919 :10 ,27 ,37 ,30 ,16 ,13 / 1
100923 :15 ,31 ,30 ,39 ,7 ,25 / 1
100926 :2 ,18 ,1 ,42 ,17 ,7 / 1
100930 :40 ,48 ,4 ,12 ,30 ,7 / 1
101003 :38 ,2 ,5 ,25 ,27 ,11 / 1
101007 :39 ,26 ,38 ,5 ,36 ,6 / 1
101010 :1 ,26 ,12 ,23 ,44 ,35 / 1
101014 :13 ,43 ,6 ,20 ,3 ,23 / 1
101017 :29 ,31 ,37 ,36 ,16 ,41 / 1
101021 :31 ,45 ,8 ,18 ,38 ,19 / 1
101024 :6 ,19 ,40 ,49 ,45 ,30 / 1
101028 :5 ,27 ,43 ,22 ,20 ,13 / 1
101031 :46 ,18 ,33 ,40 ,7 ,24 / 1
101104 :19 ,1 ,22 ,38 ,18 ,39 / 1
101107 :20 ,22 ,32 ,36 ,33 ,5 / 1
101111 :5 ,8 ,45 ,11 ,22 ,9 / 1
101114 :19 ,23 ,12 ,17 ,4 ,16 / 1
101118 :29 ,11 ,15 ,7 ,5 ,9 / 1
101121 :32 ,39 ,38 ,36 ,27 ,35 / 1
101125 :11 ,43 ,2 ,28 ,48 ,42 / 1
101128 :32 ,4 ,3 ,45 ,36 ,43 / 1
101202 :4 ,39 ,23 ,1 ,5 ,47 / 1
101205 :39 ,7 ,21 ,31 ,4 ,9 / 1
101209 :25 ,32 ,48 ,31 ,47 ,39 / 1
101212 :13 ,33 ,37 ,36 ,34 ,21 / 1
101216 :33 ,42 ,43 ,45 ,1 ,37 / 1
101219 :15 ,41 ,21 ,33 ,49 ,34 / 1
101223 :25 ,19 ,24 ,13 ,14 ,41 / 1
101230 :8 ,33 ,36 ,34 ,9 ,5 / 1
101231 :42 ,29 ,37 ,5 ,43 ,20 / 1
110106 :38 ,7 ,17 ,13 ,25 ,24 / 1
110109 :14 ,6 ,13 ,46 ,37 ,9 / 1
110113 :41 ,18 ,47 ,29 ,45 ,21 / 1
110116 :18 ,12 ,7 ,46 ,4 ,33 / 1
110120 :45 ,7 ,9 ,34 ,25 ,11 / 1
110123 :36 ,37 ,17 ,4 ,12 ,26 / 1
110127 :29 ,9 ,5 ,30 ,27 ,34 / 1
110130 :12 ,35 ,29 ,19 ,1 ,23 / 1
110203 :31 ,15 ,4 ,35 ,18 ,24 / 1
110206 :47 ,46 ,34 ,22 ,26 ,6 / 1
110210 :37 ,33 ,29 ,23 ,14 ,30 / 1
110213 :31 ,20 ,39 ,22 ,13 ,18 / 1
110217 :33 ,21 ,24 ,1 ,28 ,5 / 1
110220 :9 ,40 ,18 ,42 ,16 ,32 / 1
110224 :8 ,19 ,46 ,31 ,15 ,11 / 1
110227 :8 ,33 ,24 ,29 ,7 ,48 / 1
110303 :9 ,7 ,26 ,44 ,39 ,35 / 1
110306 :7 ,48 ,40 ,37 ,19 ,38 / 1
110310 :20 ,9 ,48 ,14 ,12 ,35 / 1
110313 :39 ,48 ,1 ,20 ,23 ,21 / 1
110317 :18 ,35 ,6 ,36 ,3 ,48 / 1
110320 :29 ,34 ,24 ,6 ,14 ,1 / 1
110324 :28 ,40 ,27 ,29 ,30 ,9 / 1
110327 :29 ,34 ,3 ,4 ,5 ,27 / 1
110331 :1 ,31 ,27 ,17 ,4 ,32 / 1
110403 :27 ,32 ,18 ,2 ,24 ,28 / 1
110407 :4 ,9 ,37 ,8 ,35 ,12 / 1
110410 :45 ,33 ,24 ,25 ,29 ,23 / 1
110414 :23 ,45 ,2 ,30 ,37 ,13 / 1
110417 :16 ,4 ,17 ,38 ,46 ,36 / 1
110424 :36 ,34 ,5 ,9 ,6 ,3 / 1
110424 :40 ,8 ,39 ,26 ,15 ,7 / 1
110428 :12 ,7 ,40 ,23 ,4 ,10 / 1
110501 :27 ,18 ,40 ,35 ,32 ,26 / 1
110505 :11 ,35 ,4 ,39 ,40 ,38 / 1
110508 :18 ,16 ,20 ,5 ,38 ,15 / 1
110512 :39 ,2 ,1 ,41 ,11 ,25 / 1
110515 :28 ,48 ,33 ,9 ,12 ,14 / 1
110519 :23 ,20 ,13 ,3 ,9 ,32 / 1
110522 :48 ,49 ,14 ,35 ,39 ,28 / 1
110526 :1 ,9 ,7 ,18 ,2 ,29 / 1
110529 :13 ,34 ,2 ,6 ,11 ,49 / 1
110602 :10 ,19 ,32 ,39 ,35 ,13 / 1
110605 :4 ,18 ,8 ,22 ,15 ,48 / 1
110609 :34 ,43 ,32 ,39 ,17 ,6 / 1
110612 :13 ,5 ,41 ,23 ,16 ,48 / 1
110616 :41 ,20 ,2 ,46 ,17 ,10 / 1
110619 :40 ,21 ,3 ,45 ,49 ,41 / 1
110623 :49 ,38 ,32 ,36 ,10 ,22 / 1
110626 :42 ,15 ,10 ,16 ,44 ,14 / 1
110630 :44 ,48 ,19 ,42 ,49 ,28 / 1
110703 :41 ,39 ,8 ,18 ,1 ,4 / 1
110707 :33 ,7 ,20 ,24 ,17 ,14 / 1
110710 :15 ,38 ,46 ,41 ,32 ,6 / 1
110714 :32 ,40 ,31 ,16 ,12 ,13 / 1
110717 :15 ,17 ,37 ,48 ,28 ,27 / 1
110721 :10 ,42 ,2 ,20 ,35 ,19 / 1
110724 :18 ,26 ,45 ,11 ,32 ,28 / 1
110728 :2 ,27 ,15 ,36 ,35 ,30 / 1
110731 :15 ,29 ,34 ,33 ,22 ,26 / 1
110804 :9 ,32 ,16 ,3 ,11 ,17 / 1
110807 :43 ,40 ,4 ,44 ,6 ,49 / 1
110811 :42 ,6 ,36 ,45 ,37 ,19 / 1
110814 :27 ,22 ,32 ,28 ,15 ,14 / 1
110818 :8 ,3 ,11 ,1 ,10 ,36 / 1
110821 :25 ,17 ,10 ,44 ,45 ,41 / 1
110825 :33 ,18 ,41 ,5 ,38 ,3 / 1
110828 :10 ,40 ,43 ,13 ,46 ,27 / 1
110901 :21 ,40 ,12 ,25 ,35 ,27 / 1
110904 :44 ,7 ,14 ,4 ,20 ,22 / 1
110908 :11 ,9 ,26 ,10 ,30 ,6 / 1
110911 :43 ,19 ,29 ,12 ,38 ,20 / 1
110915 :2 ,31 ,33 ,36 ,1 ,18 / 1
110918 :26 ,32 ,29 ,8 ,27 ,37 / 1
110922 :31 ,26 ,32 ,38 ,45 ,36 / 1
110925 :16 ,14 ,19 ,20 ,25 ,13 / 1
110929 :28 ,14 ,16 ,24 ,23 ,42 / 1
111002 :39 ,18 ,12 ,30 ,25 ,36 / 1
111006 :49 ,6 ,14 ,35 ,24 ,3 / 1
111009 :40 ,48 ,8 ,38 ,43 ,4 / 1
111013 :42 ,5 ,46 ,2 ,43 ,24 / 1
111016 :38 ,12 ,3 ,27 ,24 ,35 / 1
111020 :43 ,25 ,31 ,7 ,17 ,39 / 1
111023 :25 ,27 ,28 ,14 ,22 ,7 / 1
111027 :20 ,49 ,21 ,15 ,19 ,2 / 1
111030 :27 ,29 ,36 ,19 ,44 ,25 / 1
111103 :45 ,40 ,30 ,37 ,43 ,27 / 1
111106 :2 ,17 ,33 ,37 ,34 ,42 / 1
111110 :11 ,19 ,13 ,6 ,24 ,48 / 1
111113 :34 ,20 ,12 ,45 ,9 ,1 / 1
111117 :19 ,22 ,45 ,34 ,48 ,32 / 1
111120 :47 ,38 ,31 ,44 ,18 ,39 / 1
111124 :48 ,26 ,36 ,5 ,25 ,38 / 1
111127 :44 ,12 ,26 ,23 ,45 ,43 / 1
111201 :25 ,3 ,14 ,36 ,46 ,2 / 1
111204 :47 ,11 ,26 ,41 ,28 ,16 / 1
111208 :47 ,41 ,22 ,9 ,33 ,3 / 1
111211 :41 ,45 ,37 ,14 ,8 ,5 / 1
111215 :15 ,7 ,8 ,40 ,33 ,49 / 1
111218 :7 ,38 ,30 ,29 ,28 ,21 / 1
111222 :42 ,19 ,22 ,5 ,45 ,23 / 1
111230 :17 ,43 ,37 ,40 ,29 ,16 / 1
111231 :20 ,28 ,38 ,15 ,48 ,37 / 1
120105 :9 ,39 ,23 ,36 ,3 ,22 / 1
120108 :49 ,32 ,19 ,47 ,42 ,22 / 1
120112 :15 ,21 ,4 ,3 ,5 ,8 / 1
120115 :14 ,13 ,39 ,45 ,4 ,32 / 1
120119 :9 ,29 ,31 ,39 ,3 ,21 / 1
120122 :13 ,18 ,31 ,48 ,24 ,19 / 1
120126 :23 ,15 ,4 ,31 ,35 ,47 / 1
120129 :20 ,42 ,9 ,24 ,12 ,44 / 1
120202 :36 ,8 ,34 ,6 ,5 ,49 / 1
120205 :14 ,16 ,33 ,19 ,17 ,49 / 1
120209 :38 ,41 ,45 ,44 ,8 ,34 / 1
120212 :47 ,28 ,40 ,27 ,9 ,34 / 1
120216 :39 ,16 ,9 ,8 ,18 ,26 / 1
120219 :16 ,34 ,3 ,12 ,28 ,15 / 1
120223 :10 ,40 ,42 ,37 ,26 ,27 / 1
120226 :10 ,19 ,1 ,16 ,18 ,14 / 1
120301 :49 ,42 ,34 ,10 ,19 ,41 / 1
120304 :49 ,24 ,44 ,5 ,22 ,38 / 1
120308 :10 ,9 ,14 ,43 ,25 ,35 / 1
120311 :25 ,15 ,43 ,35 ,36 ,37 / 1
120315 :10 ,11 ,2 ,12 ,49 ,39 / 1
120318 :3 ,39 ,33 ,40 ,2 ,17 / 1
120322 :20 ,24 ,13 ,11 ,31 ,3 / 1
120325 :43 ,24 ,36 ,32 ,12 ,19 / 1
120329 :5 ,37 ,11 ,36 ,6 ,39 / 1
120401 :7 ,14 ,20 ,37 ,43 ,27 / 1
120405 :33 ,39 ,23 ,2 ,12 ,24 / 1
120408 :4 ,40 ,13 ,27 ,29 ,16 / 1
120415 :38 ,29 ,16 ,8 ,28 ,36 / 1
120415 :39 ,5 ,46 ,18 ,32 ,37 / 1
120419 :1 ,22 ,18 ,47 ,26 ,32 / 1
120422 :46 ,18 ,43 ,8 ,20 ,35 / 1
120426 :45 ,20 ,35 ,16 ,43 ,13 / 1
120429 :27 ,32 ,34 ,15 ,21 ,1 / 1
120503 :33 ,22 ,4 ,42 ,17 ,6 / 1
120506 :47 ,37 ,17 ,48 ,7 ,41 / 1
120510 :48 ,1 ,46 ,2 ,32 ,26 / 1
120513 :17 ,3 ,26 ,21 ,29 ,34 / 1
120517 :9 ,23 ,41 ,37 ,43 ,4 / 1
120520 :43 ,14 ,42 ,49 ,4 ,28 / 1
120524 :11 ,2 ,9 ,10 ,38 ,12 / 1
120527 :29 ,39 ,33 ,6 ,5 ,26 / 1
120531 :42 ,47 ,23 ,20 ,25 ,5 / 1
120603 :46 ,38 ,23 ,15 ,18 ,3 / 1
120607 :17 ,5 ,16 ,33 ,32 ,27 / 1
120610 :25 ,32 ,20 ,28 ,6 ,30 / 1
120614 :12 ,37 ,9 ,41 ,15 ,46 / 1
120617 :43 ,12 ,2 ,4 ,8 ,39 / 1
120621 :2 ,42 ,45 ,33 ,41 ,28 / 1
120624 :20 ,30 ,28 ,8 ,5 ,49 / 1
120628 :11 ,15 ,19 ,38 ,21 ,44 / 1
120701 :33 ,30 ,10 ,47 ,5 ,49 / 1
120705 :21 ,24 ,43 ,20 ,13 ,2 / 1
120708 :26 ,35 ,38 ,17 ,5 ,23 / 1
120712 :32 ,4 ,40 ,44 ,47 ,22 / 1
120715 :32 ,1 ,45 ,41 ,44 ,37 / 1
120719 :30 ,13 ,12 ,24 ,15 ,19 / 1
120722 :48 ,36 ,24 ,21 ,47 ,37 / 1
120726 :1 ,12 ,28 ,38 ,16 ,49 / 1
120729 :7 ,22 ,9 ,29 ,2 ,32 / 1
120802 :13 ,18 ,47 ,14 ,15 ,7 / 1
120805 :28 ,49 ,20 ,22 ,8 ,7 / 1
120809 :13 ,46 ,36 ,39 ,21 ,35 / 1
120812 :25 ,16 ,18 ,20 ,23 ,46 / 1
120816 :38 ,30 ,11 ,7 ,5 ,2 / 1
120819 :33 ,37 ,31 ,25 ,28 ,8 / 1
120823 :21 ,37 ,34 ,29 ,48 ,7 / 1
120826 :23 ,30 ,39 ,14 ,40 ,35 / 1
120830 :25 ,46 ,4 ,2 ,24 ,10 / 1
120902 :21 ,14 ,26 ,19 ,3 ,28 / 1
120906 :2 ,33 ,38 ,6 ,36 ,34 / 1
120909 :37 ,32 ,30 ,13 ,18 ,4 / 1
120916 :9 ,15 ,25 ,30 ,17 ,6 / 1
120916 :22 ,19 ,12 ,28 ,29 ,23 / 1
120920 :15 ,24 ,46 ,38 ,33 ,3 / 1
120923 :14 ,13 ,17 ,38 ,21 ,7 / 1
120927 :13 ,49 ,8 ,17 ,28 ,48 / 1
120930 :6 ,37 ,34 ,17 ,9 ,14 / 1
121004 :16 ,35 ,21 ,14 ,34 ,45 / 1
121007 :28 ,16 ,19 ,36 ,46 ,4 / 1
121011 :18 ,49 ,20 ,11 ,30 ,9 / 1
121014 :43 ,12 ,24 ,36 ,7 ,16 / 1
121018 :42 ,18 ,41 ,7 ,35 ,26 / 1
121021 :9 ,24 ,2 ,42 ,25 ,28 / 1
121025 :22 ,38 ,29 ,37 ,13 ,25 / 1
121028 :37 ,11 ,47 ,44 ,31 ,13 / 1
121101 :8 ,4 ,48 ,12 ,29 ,33 / 1
121104 :37 ,17 ,32 ,21 ,26 ,27 / 1
121108 :16 ,5 ,40 ,45 ,14 ,25 / 1
121111 :44 ,35 ,34 ,29 ,36 ,32 / 1
121115 :12 ,24 ,8 ,30 ,4 ,40 / 1
121118 :22 ,28 ,48 ,39 ,20 ,24 / 1
121122 :7 ,33 ,26 ,45 ,38 ,43 / 1
121125 :12 ,2 ,28 ,32 ,7 ,25 / 1
121129 :18 ,1 ,37 ,34 ,43 ,11 / 1
121202 :10 ,32 ,37 ,23 ,45 ,39 / 1
121206 :47 ,41 ,23 ,10 ,21 ,45 / 1
121209 :40 ,11 ,47 ,31 ,38 ,29 / 1
121213 :42 ,21 ,24 ,43 ,44 ,2 / 1
121216 :38 ,10 ,3 ,4 ,6 ,17 / 1
121220 :14 ,47 ,24 ,2 ,13 ,33 / 1
121223 :23 ,14 ,39 ,37 ,46 ,8 / 1
121230 :49 ,16 ,29 ,32 ,48 ,42 / 1
121231 :6 ,32 ,36 ,46 ,8 ,48 / 1
130106 :49 ,24 ,10 ,18 ,27 ,23 / 1
130110 :39 ,44 ,27 ,31 ,5 ,25 / 1
130113 :47 ,33 ,10 ,16 ,27 ,2 / 1
130117 :4 ,42 ,46 ,41 ,26 ,37 / 1
130120 :6 ,39 ,42 ,44 ,49 ,38 / 1
130124 :36 ,27 ,48 ,2 ,6 ,26 / 1
130127 :40 ,18 ,25 ,33 ,39 ,43 / 1
130131 :40 ,26 ,32 ,22 ,23 ,36 / 1
130203 :45 ,46 ,1 ,34 ,8 ,13 / 1
130207 :20 ,42 ,39 ,2 ,25 ,28 / 1
130210 :3 ,8 ,38 ,25 ,1 ,14 / 1
130214 :3 ,4 ,46 ,9 ,44 ,15 / 1
130217 :2 ,12 ,19 ,17 ,45 ,26 / 1
130221 :27 ,10 ,7 ,34 ,32 ,9 / 1
130224 :1 ,14 ,35 ,41 ,7 ,11 / 1
130228 :15 ,8 ,21 ,2 ,18 ,45 / 1
130303 :48 ,11 ,31 ,8 ,43 ,21 / 1
130307 :17 ,5 ,15 ,31 ,42 ,43 / 1
130310 :32 ,46 ,9 ,40 ,17 ,29 / 1
130314 :22 ,13 ,24 ,3 ,5 ,34 / 1
130317 :27 ,28 ,11 ,8 ,12 ,14 / 1
130321 :14 ,2 ,23 ,20 ,47 ,49 / 1
130324 :16 ,5 ,33 ,4 ,36 ,20 / 1
130328 :4 ,5 ,32 ,10 ,22 ,46 / 1
130331 :2 ,7 ,46 ,4 ,6 ,16 / 1
130404 :6 ,49 ,24 ,16 ,5 ,9 / 1
130407 :21 ,35 ,43 ,5 ,7 ,46 / 1
130411 :23 ,10 ,25 ,13 ,44 ,39 / 1
130414 :13 ,46 ,31 ,35 ,30 ,12 / 1
130418 :19 ,16 ,21 ,39 ,7 ,28 / 1
130421 :47 ,38 ,10 ,25 ,20 ,15 / 1
130425 :37 ,34 ,26 ,18 ,40 ,11 / 1
130428 :12 ,36 ,24 ,16 ,43 ,10 / 1
130505 :41 ,2 ,27 ,28 ,30 ,42 / 1
130505 :6 ,48 ,34 ,12 ,22 ,38 / 1
130509 :38 ,28 ,6 ,2 ,22 ,23 / 1
130512 :9 ,29 ,45 ,5 ,3 ,11 / 1
130516 :35 ,31 ,7 ,27 ,26 ,19 / 1
130519 :48 ,21 ,24 ,4 ,39 ,1 / 1
130523 :47 ,8 ,6 ,15 ,11 ,26 / 1
130526 :4 ,40 ,34 ,17 ,42 ,49 / 1
130530 :7 ,11 ,12 ,10 ,46 ,37 / 1
130602 :6 ,34 ,36 ,9 ,26 ,16 / 1
130606 :6 ,38 ,47 ,34 ,32 ,14 / 1
130609 :24 ,44 ,37 ,45 ,8 ,41 / 1
130613 :44 ,20 ,48 ,49 ,1 ,25 / 1
130616 :17 ,9 ,44 ,21 ,32 ,35 / 1
130620 :41 ,8 ,38 ,21 ,9 ,36 / 1
130623 :32 ,39 ,17 ,19 ,5 ,47 / 1
130627 :2 ,41 ,29 ,43 ,44 ,48 / 1
130630 :16 ,25 ,14 ,36 ,8 ,33 / 1
130704 :29 ,38 ,44 ,27 ,18 ,17 / 1
130707 :11 ,2 ,34 ,36 ,48 ,8 / 1
130711 :27 ,23 ,37 ,4 ,30 ,8 / 1
130714 :22 ,49 ,18 ,7 ,47 ,6 / 1
130718 :38 ,20 ,25 ,40 ,4 ,3 / 1
130721 :22 ,29 ,11 ,9 ,2 ,39 / 1
130725 :15 ,7 ,6 ,24 ,34 ,28 / 1
130728 :41 ,11 ,9 ,45 ,42 ,19 / 1
130801 :41 ,12 ,46 ,15 ,40 ,37 / 1
130804 :7 ,4 ,10 ,32 ,46 ,45 / 1
130808 :17 ,5 ,25 ,20 ,43 ,23 / 1
130811 :13 ,21 ,49 ,3 ,40 ,43 / 1
130815 :23 ,46 ,18 ,17 ,47 ,15 / 1
130818 :43 ,23 ,25 ,3 ,22 ,17 / 1
130822 :15 ,32 ,21 ,7 ,23 ,40 / 1
130825 :28 ,30 ,49 ,29 ,34 ,25 / 1
130829 :8 ,5 ,36 ,3 ,2 ,41 / 1
130901 :26 ,44 ,7 ,16 ,25 ,11 / 1
130905 :41 ,10 ,28 ,36 ,27 ,16 / 1
130908 :6 ,26 ,13 ,24 ,47 ,34 / 1
130915 :44 ,2 ,24 ,15 ,48 ,33 / 1
130915 :15 ,39 ,44 ,36 ,19 ,33 / 1
130919 :33 ,32 ,37 ,41 ,8 ,45 / 1
130922 :4 ,46 ,28 ,30 ,49 ,17 / 1
130926 :14 ,49 ,36 ,11 ,35 ,8 / 1
130929 :7 ,31 ,35 ,12 ,48 ,44 / 1
131003 :21 ,41 ,15 ,1 ,37 ,34 / 1
131006 :25 ,36 ,29 ,49 ,47 ,31 / 1
131010 :35 ,10 ,3 ,33 ,48 ,34 / 1
131013 :17 ,13 ,35 ,9 ,30 ,39 / 1
131017 :34 ,26 ,2 ,16 ,36 ,43 / 1
131020 :40 ,19 ,11 ,37 ,20 ,6 / 1
131024 :32 ,1 ,49 ,40 ,30 ,20 / 1
131027 :41 ,36 ,10 ,20 ,17 ,12 / 1
131031 :37 ,45 ,4 ,25 ,5 ,6 / 1
131103 :39 ,32 ,49 ,24 ,25 ,15 / 1
131107 :48 ,17 ,49 ,19 ,32 ,29 / 1
131110 :25 ,46 ,15 ,4 ,7 ,22 / 1
131114 :43 ,16 ,6 ,29 ,25 ,37 / 1
131117 :36 ,44 ,28 ,23 ,25 ,21 / 1
131121 :13 ,37 ,32 ,21 ,7 ,33 / 1
131124 :1 ,40 ,42 ,47 ,25 ,35 / 1
131128 :46 ,26 ,43 ,30 ,38 ,21 / 1
131201 :26 ,48 ,8 ,2 ,39 ,25 / 1
131205 :46 ,6 ,20 ,45 ,32 ,24 / 1
131208 :32 ,40 ,22 ,14 ,9 ,18 / 1
131212 :17 ,32 ,49 ,37 ,35 ,41 / 1
131215 :8 ,34 ,9 ,35 ,18 ,40 / 1
131219 :12 ,10 ,1 ,3 ,47 ,35 / 1
131222 :3 ,45 ,22 ,48 ,10 ,13 / 1
131230 :28 ,21 ,17 ,23 ,4 ,48 / 1
131231 :11 ,34 ,30 ,3 ,9 ,5 / 1
140105 :33 ,45 ,25 ,10 ,4 ,48 / 1
140109 :2 ,33 ,26 ,24 ,12 ,16 / 1
140112 :43 ,24 ,39 ,4 ,32 ,7 / 1
140116 :1 ,45 ,43 ,48 ,9 ,21 / 1
140119 :34 ,29 ,48 ,30 ,4 ,27 / 1
140123 :28 ,29 ,18 ,4 ,17 ,16 / 1
140126 :29 ,38 ,6 ,25 ,8 ,34 / 1
140130 :6 ,37 ,29 ,32 ,18 ,42 / 1
140202 :13 ,37 ,25 ,12 ,30 ,46 / 1
140206 :2 ,14 ,12 ,3 ,25 ,17 / 1
140209 :1 ,9 ,17 ,20 ,22 ,49 / 1
140213 :48 ,14 ,12 ,1 ,17 ,23 / 1
140216 :4 ,49 ,29 ,23 ,31 ,1 / 1
140220 :10 ,12 ,3 ,48 ,36 ,4 / 1
140223 :44 ,16 ,27 ,33 ,31 ,11 / 1
140227 :30 ,34 ,38 ,4 ,6 ,27 / 1
140302 :24 ,21 ,13 ,37 ,39 ,6 / 1
140306 :45 ,36 ,11 ,44 ,42 ,16 / 1
140309 :44 ,11 ,22 ,5 ,15 ,47 / 1
140313 :1 ,46 ,25 ,27 ,17 ,36 / 1
140316 :36 ,8 ,22 ,31 ,44 ,12 / 1
140320 :31 ,6 ,34 ,4 ,44 ,49 / 1
140323 :23 ,2 ,9 ,18 ,33 ,32 / 1
140327 :5 ,23 ,13 ,9 ,2 ,4 / 1
140330 :45 ,33 ,40 ,21 ,35 ,5 / 1
140403 :10 ,38 ,5 ,7 ,14 ,45 / 1
140406 :14 ,6 ,33 ,11 ,5 ,49 / 1
140410 :46 ,49 ,13 ,8 ,43 ,47 / 1
140413 :15 ,48 ,5 ,8 ,30 ,1 / 1
140420 :3 ,45 ,26 ,40 ,47 ,32 / 1
140420 :5 ,3 ,44 ,26 ,42 ,9 / 1
140424 :18 ,46 ,11 ,41 ,5 ,10 / 1
140427 :28 ,38 ,23 ,15 ,35 ,3 / 1
140501 :1 ,25 ,20 ,17 ,22 ,4 / 1
140504 :44 ,49 ,20 ,30 ,15 ,6 / 1
140508 :41 ,14 ,48 ,8 ,6 ,49 / 1
140511 :37 ,43 ,6 ,46 ,17 ,7 / 1
140515 :35 ,39 ,19 ,47 ,43 ,20 / 1
140518 :6 ,19 ,47 ,9 ,31 ,36 / 1
140522 :13 ,33 ,40 ,9 ,12 ,36 / 1
140525 :43 ,33 ,3 ,44 ,29 ,37 / 1
140529 :31 ,8 ,2 ,6 ,10 ,19 / 1
140601 :31 ,44 ,35 ,32 ,7 ,43 / 1
140605 :8 ,31 ,37 ,49 ,2 ,6 / 1
140608 :2 ,22 ,30 ,5 ,41 ,27 / 1
140612 :49 ,21 ,17 ,32 ,34 ,11 / 1
140615 :17 ,23 ,43 ,1 ,28 ,47 / 1
140619 :28 ,40 ,19 ,4 ,41 ,14 / 1
140622 :24 ,11 ,14 ,44 ,41 ,16 / 1
140626 :25 ,10 ,44 ,27 ,31 ,11 / 1
140629 :35 ,18 ,12 ,2 ,17 ,7 / 1
140703 :38 ,28 ,31 ,15 ,6 ,32 / 1
140706 :39 ,11 ,21 ,13 ,47 ,30 / 1
140710 :30 ,34 ,11 ,40 ,33 ,19 / 1
140713 :13 ,26 ,33 ,27 ,31 ,21 / 1
140717 :44 ,25 ,2 ,29 ,46 ,45 / 1
140720 :5 ,12 ,38 ,2 ,14 ,48 / 1
140724 :20 ,34 ,15 ,7 ,3 ,17 / 1
140727 :48 ,11 ,45 ,12 ,30 ,32 / 1
140731 :33 ,28 ,19 ,9 ,17 ,10 / 1
140803 :4 ,29 ,47 ,1 ,30 ,43 / 1
140807 :23 ,3 ,13 ,25 ,19 ,32 / 1
140810 :31 ,37 ,27 ,47 ,22 ,45 / 1
140814 :8 ,37 ,13 ,25 ,36 ,21 / 1
140817 :15 ,1 ,35 ,17 ,11 ,21 / 1
140821 :40 ,32 ,45 ,24 ,48 ,26 / 1
140824 :21 ,45 ,19 ,38 ,27 ,18 / 1
140828 :21 ,34 ,4 ,49 ,9 ,46 / 1
140831 :40 ,33 ,29 ,27 ,13 ,39 / 1
140904 :8 ,22 ,48 ,27 ,21 ,16 / 1
140907 :28 ,3 ,22 ,45 ,39 ,26 / 1
140914 :28 ,11 ,14 ,29 ,13 ,33 / 1
140914 :19 ,44 ,22 ,23 ,12 ,32 / 1
140918 :26 ,41 ,4 ,46 ,30 ,16 / 1
140921 :19 ,42 ,1 ,32 ,33 ,47 / 1
140925 :25 ,23 ,38 ,46 ,27 ,5 / 1
140928 :11 ,24 ,19 ,4 ,41 ,20 / 1
141002 :15 ,49 ,28 ,25 ,23 ,47 / 1
141005 :12 ,22 ,15 ,31 ,25 ,32 / 1
141009 :41 ,5 ,48 ,43 ,21 ,32 / 1
141012 :23 ,49 ,17 ,45 ,32 ,24 / 1
141016 :29 ,17 ,1 ,46 ,25 ,31 / 1
141019 :13 ,19 ,25 ,1 ,15 ,6 / 1
141023 :28 ,47 ,38 ,31 ,9 ,40 / 1
141026 :33 ,26 ,49 ,22 ,12 ,2 / 1
141030 :45 ,5 ,39 ,30 ,24 ,46 / 1
141102 :42 ,39 ,48 ,33 ,24 ,41 / 1
141106 :20 ,11 ,16 ,36 ,15 ,49 / 1
141109 :4 ,36 ,6 ,46 ,32 ,44 / 1
141113 :30 ,42 ,23 ,16 ,8 ,39 / 1
141116 :30 ,22 ,17 ,6 ,18 ,28 / 1
141120 :40 ,36 ,19 ,2 ,18 ,12 / 1
141123 :2 ,11 ,32 ,34 ,38 ,28 / 1
141127 :23 ,22 ,36 ,6 ,20 ,33 / 1
141130 :12 ,34 ,17 ,16 ,20 ,15 / 1
141204 :46 ,29 ,35 ,44 ,2 ,4 / 1
141207 :47 ,6 ,28 ,36 ,1 ,20 / 1
141211 :34 ,35 ,1 ,5 ,36 ,47 / 1
141214 :17 ,49 ,22 ,10 ,45 ,33 / 1
141218 :2 ,24 ,39 ,16 ,4 ,10 / 1
141221 :40 ,28 ,5 ,12 ,19 ,44 / 1
141230 :39 ,36 ,47 ,6 ,1 ,3 / 1
141231 :22 ,16 ,47 ,34 ,48 ,20 / 1
150111 :45 ,16 ,3 ,9 ,34 ,13 / 1
150115 :25 ,23 ,45 ,18 ,11 ,36 / 1
150118 :35 ,1 ,15 ,27 ,3 ,14 / 1
150122 :41 ,36 ,4 ,15 ,32 ,20 / 1
150125 :35 ,5 ,16 ,25 ,36 ,9 / 1
150129 :13 ,28 ,46 ,35 ,44 ,39 / 1
150201 :10 ,27 ,2 ,41 ,45 ,37 / 1
150205 :24 ,8 ,3 ,26 ,21 ,25 / 1
150208 :19 ,29 ,5 ,34 ,41 ,2 / 1
150212 :9 ,25 ,5 ,35 ,40 ,33 / 1
150215 :25 ,28 ,9 ,45 ,34 ,43 / 1
150219 :43 ,42 ,18 ,2 ,16 ,15 / 1
150222 :40 ,18 ,7 ,29 ,33 ,14 / 1
150226 :46 ,25 ,42 ,23 ,26 ,16 / 1
150301 :9 ,46 ,34 ,11 ,18 ,35 / 1
150301 :21 ,15 ,27 ,37 ,29 ,14 / 1
150305 :8 ,48 ,22 ,2 ,41 ,27 / 1
150308 :3 ,8 ,11 ,26 ,48 ,46 / 1
150312 :16 ,1 ,47 ,25 ,26 ,15 / 1
150315 :43 ,17 ,34 ,35 ,47 ,3 / 1
150319 :6 ,23 ,7 ,30 ,21 ,46 / 1
150322 :46 ,36 ,45 ,7 ,35 ,13 / 1
150326 :2 ,45 ,27 ,4 ,38 ,48 / 1
150329 :22 ,10 ,4 ,6 ,18 ,9 / 1
150402 :11 ,38 ,36 ,1 ,27 ,16 / 1
150405 :33 ,5 ,30 ,44 ,4 ,27 / 1
150409 :18 ,36 ,32 ,49 ,29 ,6 / 1
150412 :15 ,44 ,16 ,19 ,31 ,23 / 1
150412 :18 ,25 ,45 ,23 ,27 ,40 / 1
150416 :26 ,42 ,45 ,8 ,1 ,5 / 1
150419 :32 ,44 ,21 ,38 ,35 ,16 / 1
150423 :1 ,18 ,10 ,30 ,17 ,44 / 1
150426 :46 ,29 ,30 ,1 ,10 ,2 / 1
150430 :43 ,19 ,27 ,11 ,14 ,46 / 1
150503 :45 ,8 ,5 ,37 ,19 ,1 / 1
150507 :3 ,48 ,14 ,47 ,9 ,16 / 1
150510 :4 ,25 ,6 ,17 ,48 ,14 / 1
150514 :30 ,21 ,38 ,33 ,8 ,11 / 1
150517 :16 ,19 ,48 ,25 ,32 ,10 / 1
150521 :34 ,1 ,17 ,10 ,39 ,18 / 1
150524 :32 ,25 ,45 ,43 ,40 ,2 / 1
150528 :46 ,41 ,12 ,44 ,39 ,22 / 1
150531 :14 ,35 ,29 ,8 ,23 ,21 / 1
150604 :24 ,38 ,26 ,28 ,7 ,17 / 1
150607 :47 ,30 ,45 ,37 ,12 ,17 / 1
150611 :32 ,17 ,46 ,5 ,48 ,33 / 1
150614 :28 ,23 ,24 ,45 ,10 ,37 / 1
150618 :38 ,37 ,1 ,33 ,41 ,15 / 1
150621 :11 ,34 ,1 ,7 ,37 ,18 / 1
150625 :18 ,37 ,8 ,43 ,26 ,45 / 1
150628 :38 ,6 ,36 ,22 ,48 ,47 / 1
150702 :36 ,30 ,20 ,4 ,5 ,10 / 1
150705 :27 ,4 ,47 ,15 ,10 ,41 / 1
150709 :19 ,17 ,5 ,2 ,41 ,28 / 1
150712 :45 ,13 ,15 ,32 ,2 ,23 / 1
150716 :43 ,48 ,31 ,33 ,24 ,45 / 1
150719 :37 ,33 ,10 ,43 ,49 ,40 / 1
150723 :16 ,48 ,46 ,36 ,42 ,26 / 1
150726 :48 ,43 ,38 ,6 ,10 ,36 / 1
150730 :34 ,25 ,44 ,18 ,39 ,24 / 1
150802 :1 ,27 ,14 ,23 ,30 ,40 / 1
150806 :35 ,16 ,14 ,7 ,46 ,40 / 1
150809 :29 ,15 ,21 ,46 ,36 ,18 / 1
150813 :16 ,10 ,14 ,24 ,3 ,6 / 1
150816 :11 ,8 ,44 ,10 ,46 ,35 / 1
150820 :26 ,41 ,38 ,18 ,4 ,36 / 1
150823 :16 ,28 ,17 ,43 ,20 ,36 / 1
150827 :23 ,5 ,26 ,42 ,17 ,34 / 1
150830 :44 ,48 ,1 ,34 ,2 ,25 / 1
150903 :15 ,10 ,26 ,9 ,6 ,47 / 1
150906 :38 ,3 ,12 ,16 ,28 ,18 / 1
150913 :28 ,40 ,3 ,17 ,34 ,49 / 1
150913 :22 ,21 ,18 ,17 ,41 ,8 / 1
150917 :32 ,3 ,28 ,14 ,8 ,29 / 1
150920 :48 ,34 ,20 ,27 ,47 ,2 / 1
150924 :49 ,31 ,38 ,44 ,14 ,10 / 1
150927 :26 ,1 ,32 ,18 ,12 ,7 / 1
151001 :11 ,2 ,38 ,32 ,41 ,30 / 1
151004 :31 ,1 ,36 ,39 ,24 ,14 / 1
151008 :33 ,18 ,6 ,42 ,37 ,35 / 1
151011 :30 ,44 ,27 ,29 ,28 ,45 / 1
151015 :14 ,45 ,46 ,9 ,22 ,8 / 1
151018 :10 ,17 ,47 ,11 ,12 ,23 / 1
151022 :44 ,3 ,24 ,1 ,49 ,2 / 1
151025 :31 ,9 ,7 ,17 ,10 ,47 / 1
151029 :2 ,12 ,26 ,19 ,37 ,25 / 1
151101 :11 ,21 ,20 ,8 ,41 ,34 / 1
151105 :45 ,41 ,47 ,42 ,40 ,10 / 1
151108 :13 ,16 ,32 ,7 ,10 ,36 / 1
151112 :44 ,2 ,13 ,39 ,12 ,19 / 1
151115 :29 ,10 ,2 ,30 ,3 ,18 / 1
151119 :31 ,3 ,10 ,47 ,25 ,8 / 1
151122 :14 ,43 ,23 ,21 ,33 ,16 / 1
151126 :21 ,46 ,26 ,32 ,3 ,35 / 1
151129 :5 ,28 ,26 ,35 ,12 ,47 / 1
151203 :10 ,13 ,37 ,44 ,14 ,46 / 1
151206 :26 ,49 ,9 ,20 ,48 ,6 / 1
151210 :41 ,1 ,20 ,46 ,36 ,14 / 1
151213 :32 ,25 ,11 ,21 ,14 ,38 / 1
151217 :46 ,26 ,11 ,19 ,28 ,6 / 1
151220 :8 ,18 ,44 ,27 ,2 ,13 / 1
151223 :10 ,15 ,18 ,47 ,34 ,48 / 1
151230 :8 ,35 ,4 ,28 ,40 ,22 / 1
160107 :34 ,26 ,36 ,29 ,11 ,25 / 1
160110 :41 ,16 ,14 ,8 ,29 ,47 / 1
160114 :45 ,41 ,38 ,46 ,23 ,33 / 1
160117 :21 ,20 ,9 ,5 ,2 ,14 / 1
160121 :17 ,13 ,5 ,1 ,20 ,9 / 1
160124 :43 ,39 ,4 ,28 ,20 ,5 / 1
160128 :11 ,35 ,13 ,1 ,33 ,14 / 1
160131 :28 ,6 ,49 ,18 ,9 ,36 / 1
160204 :42 ,47 ,44 ,45 ,6 ,24 / 1
160207 :36 ,29 ,4 ,1 ,45 ,42 / 1
160211 :32 ,40 ,9 ,31 ,21 ,28 / 1
160214 :23 ,46 ,8 ,11 ,48 ,13 / 1
160218 :33 ,5 ,4 ,18 ,16 ,8 / 1
160221 :47 ,21 ,1 ,40 ,31 ,39 / 1
160225 :15 ,34 ,31 ,37 ,6 ,24 / 1
160228 :25 ,4 ,19 ,41 ,20 ,36 / 1
160303 :16 ,38 ,19 ,27 ,41 ,45 / 1
160306 :29 ,8 ,2 ,34 ,46 ,37 / 1
160306 :41 ,14 ,49 ,25 ,2 ,44 / 1
160310 :26 ,28 ,44 ,46 ,3 ,45 / 1
160313 :3 ,21 ,45 ,19 ,4 ,29 / 1
160317 :40 ,13 ,45 ,9 ,43 ,41 / 1
160320 :4 ,5 ,30 ,23 ,36 ,1 / 1
160324 :15 ,21 ,24 ,47 ,16 ,18 / 1
160327 :2 ,3 ,24 ,40 ,6 ,43 / 1
160331 :21 ,11 ,44 ,43 ,32 ,5 / 1
160403 :36 ,6 ,34 ,13 ,47 ,49 / 1
160407 :20 ,26 ,39 ,25 ,14 ,21 / 1
160410 :35 ,42 ,17 ,41 ,28 ,33 / 1
160414 :9 ,44 ,5 ,16 ,31 ,10 / 1
160417 :9 ,15 ,12 ,27 ,44 ,46 / 1
160421 :18 ,47 ,5 ,14 ,46 ,6 / 1
160424 :6 ,15 ,42 ,43 ,45 ,32 / 1
160501 :16 ,40 ,9 ,36 ,37 ,43 / 1
160501 :22 ,23 ,11 ,39 ,42 ,8 / 1
160505 :39 ,5 ,19 ,13 ,15 ,32 / 1
160508 :48 ,17 ,34 ,25 ,14 ,5 / 1
160512 :3 ,37 ,6 ,22 ,2 ,10 / 1
160515 :24 ,4 ,42 ,25 ,37 ,20 / 1
160519 :24 ,7 ,34 ,2 ,9 ,37 / 1
160522 :30 ,13 ,1 ,42 ,34 ,19 / 1
160526 :1 ,43 ,21 ,45 ,26 ,20 / 1
160529 :11 ,48 ,3 ,19 ,10 ,5 / 1
160602 :13 ,27 ,37 ,8 ,23 ,12 / 1
160605 :39 ,7 ,4 ,13 ,36 ,22 / 1
160609 :30 ,42 ,44 ,18 ,10 ,31 / 1
160612 :27 ,20 ,25 ,46 ,22 ,11 / 1
160616 :30 ,16 ,4 ,9 ,13 ,2 / 1
160619 :25 ,35 ,30 ,4 ,11 ,14 / 1
160623 :24 ,7 ,46 ,35 ,3 ,27 / 1
160626 :24 ,43 ,1 ,25 ,46 ,22 / 1
160630 :1 ,27 ,34 ,49 ,14 ,6 / 1
160703 :42 ,25 ,38 ,22 ,27 ,15 / 1
160707 :15 ,31 ,26 ,4 ,42 ,17 / 1
160710 :9 ,38 ,45 ,21 ,20 ,5 / 1
160714 :22 ,31 ,34 ,47 ,10 ,49 / 1
160717 :12 ,26 ,9 ,45 ,4 ,47 / 1
160721 :2 ,41 ,42 ,6 ,39 ,12 / 1
160724 :24 ,16 ,28 ,21 ,6 ,33 / 1
160728 :42 ,44 ,10 ,3 ,33 ,27 / 1
160731 :38 ,32 ,31 ,49 ,3 ,4 / 1
160804 :16 ,42 ,2 ,6 ,46 ,30 / 1
160807 :7 ,5 ,36 ,41 ,4 ,32 / 1
160811 :14 ,4 ,19 ,49 ,34 ,38 / 1
160814 :47 ,3 ,49 ,6 ,7 ,24 / 1
160818 :6 ,44 ,1 ,4 ,19 ,8 / 1
160821 :38 ,17 ,5 ,11 ,36 ,13 / 1
160825 :6 ,11 ,25 ,9 ,12 ,1 / 1
160828 :48 ,6 ,4 ,30 ,13 ,26 / 1
160901 :19 ,26 ,45 ,25 ,22 ,3 / 1
160904 :41 ,13 ,21 ,43 ,45 ,28 / 1
160908 :40 ,39 ,14 ,46 ,7 ,41 / 1
160911 :34 ,21 ,25 ,14 ,46 ,43 / 1
160915 :22 ,18 ,5 ,28 ,29 ,15 / 1
160918 :18 ,19 ,35 ,23 ,45 ,13 / 1
160918 :22 ,47 ,15 ,14 ,41 ,2 / 1
160922 :33 ,25 ,30 ,17 ,13 ,31 / 1
160925 :11 ,25 ,43 ,42 ,30 ,23 / 1
160929 :32 ,43 ,40 ,44 ,2 ,26 / 1
161002 :27 ,23 ,2 ,44 ,48 ,38 / 1
161006 :21 ,10 ,40 ,23 ,3 ,38 / 1
161009 :9 ,10 ,27 ,5 ,38 ,33 / 1
161013 :16 ,7 ,26 ,25 ,31 ,13 / 1
161016 :19 ,42 ,22 ,18 ,43 ,20 / 1
161020 :11 ,36 ,7 ,31 ,19 ,12 / 1
161023 :12 ,31 ,46 ,17 ,6 ,5 / 1
161027 :6 ,35 ,3 ,1 ,43 ,42 / 1
161030 :16 ,37 ,7 ,33 ,28 ,36 / 1
161103 :7 ,19 ,22 ,6 ,5 ,45 / 1
161106 :15 ,11 ,41 ,14 ,9 ,42 / 1
161110 :35 ,44 ,17 ,10 ,22 ,18 / 1
161113 :21 ,35 ,46 ,20 ,5 ,31 / 1
161117 :17 ,42 ,39 ,30 ,36 ,4 / 1
161120 :2 ,42 ,1 ,44 ,19 ,8 / 1
161124 :17 ,15 ,19 ,11 ,7 ,9 / 1
161127 :29 ,32 ,43 ,30 ,21 ,4 / 1
161204 :34 ,23 ,1 ,18 ,5 ,11 / 1
161208 :38 ,9 ,24 ,10 ,7 ,4 / 1
161211 :36 ,18 ,41 ,24 ,23 ,10 / 1
161215 :49 ,4 ,44 ,37 ,7 ,31 / 1
161218 :17 ,3 ,38 ,44 ,20 ,40 / 1
161222 :4 ,18 ,32 ,21 ,17 ,34 / 1
161230 :23 ,22 ,43 ,8 ,9 ,27 / 1
161231 :42 ,15 ,34 ,43 ,48 ,39 / 1
170105 :25 ,49 ,42 ,29 ,5 ,24 / 1
170108 :16 ,5 ,18 ,28 ,43 ,30 / 1
170112 :16 ,30 ,1 ,23 ,20 ,8 / 1
170115 :7 ,30 ,16 ,39 ,23 ,5 / 1
170119 :23 ,45 ,12 ,25 ,2 ,10 / 1
170122 :24 ,16 ,38 ,27 ,11 ,3 / 1
170126 :33 ,27 ,2 ,40 ,42 ,20 / 1
170129 :38 ,27 ,49 ,17 ,13 ,44 / 1
170202 :40 ,6 ,27 ,5 ,25 ,49 / 1
170205 :25 ,10 ,34 ,15 ,36 ,39 / 1
170209 :20 ,37 ,8 ,31 ,27 ,9 / 1
170212 :7 ,5 ,8 ,25 ,37 ,6 / 1
170216 :22 ,17 ,4 ,42 ,30 ,3 / 1
170219 :37 ,30 ,27 ,38 ,17 ,45 / 1
170223 :18 ,23 ,36 ,7 ,47 ,8 / 1
170226 :22 ,31 ,30 ,4 ,42 ,39 / 1
170302 :24 ,38 ,48 ,11 ,12 ,29 / 1
170305 :43 ,14 ,49 ,23 ,3 ,6 / 1
170305 :30 ,1 ,16 ,9 ,41 ,34 / 1
170309 :29 ,43 ,33 ,10 ,27 ,36 / 1
170312 :20 ,39 ,3 ,5 ,49 ,41 / 1
170316 :48 ,30 ,46 ,13 ,21 ,29 / 1
170319 :40 ,45 ,38 ,8 ,11 ,34 / 1
170323 :11 ,35 ,39 ,4 ,2 ,1 / 1
170326 :1 ,29 ,41 ,39 ,18 ,46 / 1
170330 :23 ,31 ,20 ,19 ,38 ,7 / 1
170402 :48 ,21 ,12 ,9 ,5 ,46 / 1
170406 :22 ,20 ,2 ,36 ,1 ,8 / 1
170409 :41 ,32 ,21 ,5 ,4 ,16 / 1
170416 :8 ,30 ,37 ,11 ,21 ,45 / 1
170416 :23 ,42 ,21 ,30 ,4 ,12 / 1
170420 :1 ,21 ,18 ,6 ,31 ,3 / 1
170423 :13 ,45 ,42 ,14 ,48 ,41 / 1
170427 :49 ,2 ,19 ,44 ,9 ,35 / 1
170430 :5 ,40 ,8 ,12 ,38 ,16 / 1
170504 :13 ,25 ,22 ,15 ,34 ,11 / 1
170507 :18 ,13 ,21 ,4 ,16 ,11 / 1
170511 :1 ,32 ,34 ,49 ,24 ,17 / 1
170514 :1 ,38 ,25 ,2 ,11 ,6 / 1
170518 :47 ,13 ,6 ,3 ,32 ,17 / 1
170521 :17 ,32 ,39 ,48 ,43 ,41 / 1
170525 :4 ,20 ,15 ,2 ,10 ,19 / 1
170528 :11 ,13 ,2 ,43 ,12 ,39 / 1
170601 :48 ,30 ,19 ,38 ,36 ,29 / 1
170604 :39 ,19 ,14 ,12 ,26 ,16 / 1
170608 :7 ,6 ,16 ,26 ,18 ,9 / 1
170611 :8 ,49 ,38 ,17 ,33 ,28 / 1
170615 :20 ,15 ,4 ,39 ,46 ,3 / 1
170618 :38 ,3 ,48 ,30 ,1 ,12 / 1
170622 :2 ,40 ,22 ,44 ,42 ,30 / 1
170625 :9 ,28 ,12 ,46 ,8 ,19 / 1
170625 :13 ,47 ,17 ,44 ,27 ,6 / 1
170629 :33 ,31 ,28 ,4 ,5 ,26 / 1
170702 :11 ,32 ,28 ,37 ,36 ,48 / 1
170706 :15 ,17 ,21 ,49 ,30 ,25 / 1
170709 :26 ,30 ,8 ,24 ,35 ,23 / 1
170713 :49 ,4 ,26 ,32 ,27 ,43 / 1
170716 :16 ,15 ,5 ,22 ,7 ,40 / 1
170720 :7 ,14 ,44 ,27 ,45 ,4 / 1
170723 :4 ,38 ,39 ,11 ,15 ,36 / 1
170727 :47 ,16 ,11 ,38 ,10 ,26 / 1
170730 :25 ,48 ,28 ,38 ,1 ,24 / 1
170730 :41 ,20 ,7 ,5 ,9 ,3 / 1
170803 :14 ,16 ,44 ,2 ,27 ,9 / 1
170806 :25 ,7 ,9 ,37 ,43 ,29 / 1
170810 :16 ,14 ,7 ,47 ,21 ,27 / 1
170813 :38 ,3 ,28 ,31 ,32 ,18 / 1
170817 :48 ,27 ,29 ,23 ,8 ,20 / 1
170820 :48 ,46 ,5 ,30 ,19 ,32 / 1
170824 :26 ,16 ,37 ,36 ,13 ,22 / 1
170827 :48 ,17 ,43 ,2 ,13 ,15 / 1
170831 :18 ,11 ,24 ,39 ,12 ,34 / 1
170903 :23 ,24 ,8 ,45 ,40 ,35 / 1
170907 :15 ,36 ,20 ,24 ,2 ,6 / 1
170910 :20 ,25 ,45 ,48 ,37 ,21 / 1
170917 :21 ,30 ,39 ,46 ,3 ,9 / 1
170917 :5 ,14 ,10 ,23 ,26 ,40 / 1
170921 :4 ,32 ,36 ,8 ,1 ,24 / 1
170924 :32 ,5 ,4 ,49 ,44 ,12 / 1
170928 :3 ,6 ,37 ,7 ,48 ,28 / 1
171001 :21 ,38 ,7 ,6 ,49 ,13 / 1
171005 :30 ,6 ,17 ,41 ,4 ,28 / 1
171008 :5 ,15 ,28 ,41 ,32 ,7 / 1
171012 :44 ,35 ,36 ,19 ,21 ,42 / 1
171015 :46 ,22 ,47 ,43 ,27 ,28 / 1
171015 :44 ,19 ,35 ,6 ,9 ,10 / 1
171019 :8 ,32 ,11 ,19 ,29 ,17 / 1
171022 :2 ,28 ,41 ,27 ,26 ,3 / 1
171026 :10 ,21 ,24 ,22 ,37 ,23 / 1
171029 :18 ,37 ,27 ,10 ,44 ,5 / 1
171102 :49 ,21 ,24 ,28 ,39 ,16 / 1
171105 :13 ,3 ,18 ,12 ,21 ,45 / 1
171109 :23 ,47 ,28 ,7 ,39 ,9 / 1
171112 :19 ,12 ,32 ,7 ,33 ,17 / 1
171116 :21 ,5 ,44 ,48 ,11 ,49 / 1
171119 :8 ,15 ,30 ,42 ,39 ,35 / 1
171123 :30 ,10 ,11 ,45 ,15 ,37 / 1
171126 :23 ,30 ,44 ,13 ,2 ,15 / 1
171126 :37 ,11 ,35 ,27 ,12 ,4 / 1
171130 :17 ,15 ,41 ,39 ,45 ,40 / 1
171203 :42 ,20 ,5 ,4 ,23 ,38 / 1
171207 :32 ,14 ,37 ,40 ,47 ,49 / 1
171210 :38 ,49 ,10 ,1 ,46 ,22 / 1
171214 :40 ,2 ,45 ,13 ,11 ,5 / 1
171217 :34 ,30 ,47 ,46 ,45 ,26 / 1
171221 :19 ,46 ,30 ,33 ,36 ,17 / 1
171224 :18 ,33 ,17 ,12 ,44 ,28 / 1
171230 :5 ,44 ,12 ,9 ,29 ,16 / 1
171231 :43 ,36 ,2 ,42 ,32 ,28 / 1
180104 :8 ,27 ,47 ,2 ,25 ,3 / 1
180107 :4 ,12 ,5 ,19 ,33 ,2 / 1
180111 :35 ,20 ,10 ,31 ,3 ,32 / 1
180114 :16 ,36 ,34 ,30 ,43 ,27 / 1
180118 :1 ,49 ,21 ,34 ,2 ,12 / 1
180121 :47 ,35 ,17 ,33 ,23 ,11 / 1
180125 :48 ,10 ,17 ,31 ,25 ,29 / 1
180128 :18 ,34 ,5 ,28 ,33 ,2 / 1
180201 :37 ,34 ,27 ,46 ,4 ,28 / 1
180204 :37 ,17 ,26 ,39 ,35 ,4 / 1
180208 :3 ,29 ,23 ,40 ,39 ,9 / 1
180211 :5 ,14 ,30 ,34 ,22 ,18 / 1
180215 :30 ,33 ,5 ,2 ,34 ,19 / 1
180218 :21 ,12 ,42 ,8 ,37 ,2 / 1
180222 :47 ,8 ,35 ,18 ,26 ,2 / 1
180225 :3 ,1 ,47 ,19 ,28 ,34 / 1
180301 :6 ,11 ,39 ,43 ,33 ,9 / 1
180304 :17 ,40 ,3 ,31 ,19 ,41 / 1
180304 :20 ,40 ,19 ,32 ,39 ,29 / 1
180308 :12 ,4 ,24 ,42 ,31 ,2 / 1
180311 :27 ,43 ,48 ,29 ,35 ,1 / 1
180315 :34 ,19 ,3 ,20 ,10 ,17 / 1
180318 :9 ,37 ,41 ,33 ,47 ,25 / 1
180322 :4 ,15 ,48 ,2 ,23 ,20 / 1
180325 :2 ,39 ,12 ,36 ,34 ,20 / 1
180329 :23 ,35 ,31 ,5 ,6 ,43 / 1
180401 :12 ,23 ,20 ,11 ,42 ,18 / 1
180408 :31 ,9 ,18 ,29 ,32 ,21 / 1
180408 :45 ,49 ,9 ,37 ,7 ,31 / 1
180412 :2 ,24 ,43 ,49 ,16 ,40 / 1
180415 :15 ,9 ,31 ,21 ,13 ,4 / 1
180419 :4 ,21 ,22 ,27 ,24 ,37 / 1
180422 :14 ,18 ,39 ,21 ,45 ,29 / 1
180426 :14 ,18 ,19 ,24 ,33 ,6 / 1
180429 :30 ,49 ,14 ,46 ,37 ,32 / 1
180503 :29 ,37 ,44 ,3 ,9 ,6 / 1
180506 :35 ,16 ,25 ,9 ,23 ,49 / 1
180510 :1 ,20 ,39 ,21 ,43 ,44 / 1
180513 :33 ,9 ,17 ,49 ,11 ,34 / 1
180517 :24 ,34 ,17 ,8 ,5 ,20 / 1
180520 :12 ,16 ,33 ,45 ,3 ,10 / 1
180524 :1 ,14 ,38 ,47 ,33 ,7 / 1
180527 :2 ,27 ,14 ,45 ,7 ,46 / 1
180531 :24 ,33 ,19 ,28 ,35 ,4 / 1
180603 :1 ,11 ,47 ,22 ,36 ,46 / 1
180607 :43 ,4 ,38 ,25 ,16 ,46 / 1
180610 :47 ,21 ,25 ,22 ,40 ,42 / 1
180614 :6 ,23 ,3 ,35 ,32 ,44 / 1
180617 :3 ,19 ,20 ,23 ,17 ,37 / 1
180621 :30 ,31 ,19 ,49 ,17 ,34 / 1
180624 :24 ,49 ,42 ,3 ,21 ,41 / 1
180628 :49 ,23 ,25 ,24 ,41 ,4 / 1
180701 :19 ,43 ,20 ,18 ,5 ,11 / 1
180705 :28 ,5 ,44 ,10 ,26 ,38 / 1
180708 :25 ,36 ,31 ,8 ,7 ,40 / 1
180712 :2 ,42 ,29 ,39 ,40 ,44 / 1
180715 :3 ,29 ,46 ,32 ,23 ,27 / 1
180719 :23 ,49 ,5 ,2 ,41 ,16 / 1
180722 :4 ,48 ,39 ,44 ,24 ,9 / 1
180726 :6 ,12 ,44 ,27 ,4 ,30 / 1
180729 :38 ,9 ,14 ,45 ,31 ,23 / 1
180802 :21 ,9 ,8 ,22 ,40 ,27 / 1
180805 :2 ,31 ,43 ,24 ,40 ,19 / 1
180809 :41 ,42 ,25 ,28 ,38 ,30 / 1
180812 :3 ,23 ,16 ,12 ,10 ,45 / 1
180816 :5 ,16 ,37 ,32 ,3 ,10 / 1
180819 :31 ,15 ,24 ,18 ,33 ,35 / 1
180823 :37 ,14 ,47 ,28 ,39 ,4 / 1
180826 :19 ,43 ,26 ,27 ,14 ,38 / 1
180830 :29 ,27 ,12 ,25 ,7 ,39 / 1
180902 :45 ,43 ,28 ,14 ,18 ,4 / 1
180906 :48 ,26 ,13 ,28 ,7 ,22 / 1
180909 :44 ,16 ,27 ,48 ,9 ,19 / 1
180913 :42 ,20 ,3 ,34 ,31 ,13 / 1
180916 :33 ,22 ,37 ,36 ,42 ,29 / 1
180916 :14 ,10 ,23 ,30 ,8 ,37 / 1
180920 :42 ,35 ,33 ,39 ,25 ,7 / 1
180923 :34 ,23 ,15 ,47 ,4 ,14 / 1
180927 :29 ,11 ,4 ,45 ,33 ,28 / 1
180930 :3 ,5 ,41 ,44 ,38 ,32 / 1
181004 :34 ,26 ,12 ,32 ,7 ,42 / 1
181007 :21 ,12 ,40 ,44 ,33 ,1 / 1
181011 :6 ,11 ,33 ,19 ,23 ,8 / 1
181014 :24 ,45 ,2 ,49 ,19 ,47 / 1
181018 :34 ,27 ,32 ,10 ,13 ,11 / 1
181021 :7 ,6 ,22 ,21 ,43 ,23 / 1
181021 :45 ,47 ,25 ,18 ,2 ,10 / 1
181025 :42 ,33 ,45 ,5 ,15 ,16 / 1
181028 :24 ,10 ,4 ,48 ,33 ,43 / 1
181101 :34 ,19 ,7 ,43 ,9 ,28 / 1
181104 :40 ,34 ,22 ,36 ,32 ,41 / 1
181108 :42 ,19 ,10 ,37 ,21 ,45 / 1
181111 :10 ,23 ,30 ,21 ,7 ,39 / 1
181115 :28 ,7 ,48 ,14 ,22 ,17 / 1
181118 :48 ,23 ,15 ,37 ,35 ,28 / 1
181118 :42 ,48 ,10 ,5 ,33 ,3 / 1
181122 :20 ,15 ,18 ,7 ,28 ,23 / 1
181125 :22 ,7 ,2 ,40 ,14 ,30 / 1
181129 :3 ,12 ,27 ,18 ,9 ,4 / 1
181201 :39 ,46 ,15 ,11 ,7 ,25 / 1
181202 :33 ,7 ,19 ,47 ,11 ,25 / 1
181206 :19 ,14 ,7 ,34 ,20 ,41 / 1
181209 :22 ,23 ,24 ,9 ,47 ,33 / 1
181213 :32 ,41 ,43 ,25 ,1 ,19 / 1
181216 :47 ,33 ,34 ,16 ,44 ,27 / 1
181220 :24 ,44 ,13 ,23 ,32 ,41 / 1
181223 :26 ,41 ,24 ,25 ,23 ,36 / 1
181231 :11 ,12 ,15 ,30 ,8 ,4 / 1
190106 :7 ,45 ,30 ,17 ,6 ,26 / 1
190110 :8 ,15 ,31 ,45 ,26 ,32 / 1
190113 :22 ,14 ,17 ,33 ,7 ,9 / 1
190117 :7 ,45 ,36 ,15 ,40 ,34 / 1
190120 :35 ,15 ,26 ,17 ,46 ,21 / 1
190124 :39 ,43 ,17 ,8 ,6 ,7 / 1
190127 :26 ,7 ,4 ,42 ,48 ,6 / 1
190131 :30 ,7 ,23 ,12 ,28 ,27 / 1
190203 :35 ,48 ,18 ,34 ,49 ,29 / 1
190207 :30 ,26 ,25 ,48 ,32 ,1 / 1
190210 :12 ,45 ,48 ,38 ,24 ,5 / 1
190214 :31 ,49 ,2 ,46 ,20 ,3 / 1
190217 :13 ,45 ,28 ,17 ,12 ,47 / 1
190221 :26 ,33 ,11 ,9 ,24 ,20 / 1
190224 :2 ,3 ,49 ,25 ,31 ,17 / 1
190228 :30 ,21 ,41 ,32 ,45 ,3 / 1
190303 :26 ,42 ,24 ,20 ,36 ,33 / 1
190307 :20 ,16 ,18 ,23 ,15 ,26 / 1
190310 :4 ,20 ,1 ,10 ,5 ,42 / 1
190314 :37 ,39 ,2 ,32 ,25 ,23 / 1
190317 :1 ,36 ,40 ,21 ,4 ,39 / 1
190321 :30 ,10 ,5 ,27 ,8 ,28 / 1
190324 :13 ,45 ,49 ,26 ,18 ,28 / 1
190328 :38 ,6 ,45 ,36 ,47 ,11 / 1
190331 :14 ,13 ,19 ,12 ,21 ,25 / 1
190404 :44 ,29 ,46 ,6 ,1 ,28 / 1
190407 :4 ,2 ,8 ,5 ,25 ,14 / 1
190411 :8 ,10 ,4 ,49 ,45 ,27 / 1
190414 :12 ,44 ,4 ,36 ,31 ,39 / 1
190418 :8 ,6 ,33 ,31 ,42 ,13 / 1
190421 :26 ,23 ,47 ,21 ,35 ,24 / 1
190427 :15 ,8 ,1 ,29 ,5 ,43 / 1
190427 :46 ,10 ,7 ,5 ,41 ,9 / 1
190502 :48 ,7 ,34 ,40 ,33 ,46 / 1
190505 :42 ,28 ,13 ,6 ,19 ,48 / 1
190509 :13 ,32 ,15 ,43 ,18 ,20 / 1
190512 :27 ,6 ,11 ,44 ,42 ,24 / 1
190516 :12 ,46 ,42 ,20 ,17 ,2 / 1
190519 :43 ,26 ,15 ,11 ,24 ,25 / 1
190523 :5 ,47 ,38 ,39 ,31 ,22 / 1
190526 :16 ,43 ,48 ,14 ,19 ,26 / 1
190530 :1 ,13 ,29 ,6 ,3 ,22 / 1
190602 :18 ,9 ,26 ,34 ,49 ,11 / 1
190606 :40 ,24 ,37 ,2 ,11 ,12 / 1
190609 :25 ,30 ,2 ,49 ,15 ,31 / 1
190613 :33 ,46 ,4 ,36 ,32 ,47 / 1
190616 :22 ,42 ,41 ,30 ,34 ,8 / 1
190620 :14 ,48 ,32 ,11 ,35 ,13 / 1
190623 :5 ,1 ,11 ,45 ,36 ,8 / 1
190627 :12 ,28 ,5 ,34 ,21 ,16 / 1
190630 :3 ,47 ,31 ,25 ,22 ,21 / 1
190704 :6 ,40 ,22 ,32 ,31 ,12 / 1
190707 :8 ,40 ,16 ,4 ,48 ,2 / 1
190711 :42 ,28 ,31 ,3 ,23 ,38 / 1
190714 :15 ,21 ,28 ,38 ,26 ,13 / 1
190718 :41 ,16 ,27 ,24 ,4 ,37 / 1
190721 :1 ,40 ,27 ,35 ,28 ,37 / 1
190725 :32 ,7 ,40 ,1 ,37 ,11 / 1
190728 :32 ,40 ,20 ,35 ,4 ,23 / 1
190801 :6 ,3 ,48 ,25 ,2 ,47 / 1
190804 :22 ,26 ,42 ,6 ,7 ,24 / 1
190808 :22 ,30 ,31 ,29 ,10 ,4 / 1
190811 :25 ,45 ,44 ,37 ,27 ,42 / 1
190815 :6 ,7 ,9 ,37 ,30 ,31 / 1
190818 :5 ,40 ,24 ,20 ,8 ,27 / 1
190822 :39 ,8 ,24 ,46 ,33 ,47 / 1
190825 :36 ,29 ,2 ,28 ,16 ,34 / 1
190829 :25 ,1 ,13 ,34 ,28 ,30 / 1
190901 :36 ,19 ,38 ,44 ,6 ,20 / 1
190905 :21 ,40 ,3 ,13 ,30 ,6 / 1
190908 :43 ,4 ,48 ,29 ,44 ,23 / 1
190912 :8 ,10 ,30 ,26 ,42 ,6 / 1
190915 :27 ,45 ,25 ,8 ,10 ,39 / 1
190915 :37 ,8 ,4 ,10 ,28 ,21 / 1
190919 :5 ,27 ,43 ,18 ,47 ,19 / 1
190922 :25 ,24 ,27 ,17 ,29 ,20 / 1
190926 :22 ,37 ,27 ,45 ,43 ,40 / 1
190929 :14 ,26 ,48 ,43 ,40 ,10 / 1
191003 :36 ,7 ,11 ,15 ,48 ,8 / 1
191006 :10 ,29 ,6 ,19 ,38 ,45 / 1
191010 :21 ,41 ,49 ,30 ,31 ,2 / 1
191013 :42 ,23 ,35 ,44 ,32 ,1 / 1
191017 :21 ,41 ,15 ,5 ,6 ,45 / 1
191020 :32 ,36 ,47 ,49 ,18 ,7 / 1
191024 :49 ,6 ,27 ,20 ,26 ,28 / 1
191027 :44 ,9 ,41 ,1 ,49 ,5 / 1
191031 :38 ,22 ,27 ,24 ,30 ,21 / 1
191103 :39 ,48 ,1 ,43 ,40 ,31 / 1
191107 :6 ,19 ,44 ,33 ,37 ,2 / 1
191110 :10 ,36 ,23 ,12 ,28 ,46 / 1
191114 :27 ,17 ,30 ,8 ,13 ,16 / 1
191117 :11 ,17 ,15 ,49 ,33 ,6 / 1
191121 :4 ,42 ,46 ,43 ,5 ,35 / 1
191124 :13 ,37 ,44 ,25 ,21 ,49 / 1
191128 :40 ,4 ,8 ,10 ,1 ,12 / 1
191201 :40 ,22 ,5 ,33 ,2 ,32 / 1
191204 :28 ,39 ,40 ,25 ,32 ,31 / 1
191205 :28 ,36 ,33 ,22 ,43 ,37 / 1
191208 :43 ,45 ,34 ,27 ,12 ,23 / 1
191212 :17 ,2 ,47 ,40 ,22 ,19 / 1
191215 :34 ,41 ,3 ,12 ,16 ,2 / 1
191219 :8 ,5 ,16 ,26 ,31 ,17 / 1
191222 :9 ,39 ,16 ,3 ,44 ,24 / 1
191230 :25 ,16 ,5 ,46 ,35 ,6 / 1
191231 :14 ,17 ,24 ,8 ,21 ,1 / 1
200105 :20 ,27 ,26 ,28 ,41 ,3 / 1
200109 :30 ,40 ,39 ,36 ,18 ,19 / 1
200112 :45 ,4 ,8 ,44 ,27 ,9 / 1
200116 :26 ,17 ,19 ,30 ,20 ,23 / 1
200119 :28 ,11 ,9 ,24 ,47 ,3 / 1
200123 :39 ,13 ,1 ,24 ,32 ,42 / 1
200126 :9 ,23 ,28 ,35 ,18 ,45 / 1
200130 :44 ,41 ,16 ,13 ,15 ,31 / 1
020227 :7 ,16 ,18 ,8 ,33 ,14 / 1
020306 :45 ,31 ,13 ,30 ,18 ,4 / 1
020309 :44 ,6 ,3 ,11 ,15 ,33 / 1
200312 :27 ,26 ,15 ,10 ,48 ,23 / 1
200315 :35 ,36 ,32 ,40 ,23 ,4 / 1
200319 :4 ,8 ,49 ,42 ,11 ,9 / 1
200317 :5 ,34 ,47 ,45 ,9 ,1 / 1
200324 :44 ,10 ,21 ,37 ,36 ,24 / 1
200331 :24 ,47 ,32 ,33 ,44 ,22 / 1
200404 :4 ,25 ,28 ,48 ,38 ,9 / 1
200406 :43 ,20 ,12 ,40 ,46 ,13 / 1
200420 :28 ,6 ,12 ,16 ,34 ,31 / 1
200423 :39 ,38 ,43 ,40 ,48 ,20 / 1
200427 :2 ,26 ,20 ,5 ,14 ,42 / 1
200431 :9 ,49 ,25 ,36 ,38 ,24 / 1
200105:21 ,39 ,16 ,6 ,25 ,10 / 1
200508 :3 ,6 ,39 ,45 ,26 ,21 / 1
200512:8 ,10 ,9 ,45 ,27 ,16 / 1
200621 :2 ,45 ,8 ,22 ,18 ,27 / 1
200625 :29 ,39 ,40 ,42 ,10 ,14 / 1
200628 :35 ,13 ,33 ,27 ,16 ,5 / 1
200702 :27 ,34 ,37 ,8 ,1 ,22 / 1
200705 :27 ,13 ,41 ,7 ,1 ,16 / 1
200709 :20 ,37 ,26 ,31 ,36 ,17 / 1
200712 :23 ,43 ,30 ,44 ,26 ,10 / 1
200716 :21 ,47 ,46 ,36 ,23 ,13 / 1
200719 :36 ,43 ,47 ,11 ,2 ,33 / 1
200723 :25 ,7 ,11 ,6 ,15 ,34 / 1
200726 :18 ,13 ,19 ,5 ,29 ,8 / 1
200730 :3 ,38 ,34 ,17 ,12 ,5 / 1
200802 :47 ,30 ,5 ,28 ,48 ,12 / 1
200806 :8 ,47 ,3 ,13 ,14 ,23 / 1
200809 :29 ,36 ,13 ,17 ,27 ,46 / 1
200813 :12 ,38 ,27 ,35 ,30 ,6 / 1
200816 :47 ,11 ,17 ,35 ,3 ,29 / 1
200820 :40 ,27 ,26 ,30 ,12 ,11 / 1
200823 :47 ,4 ,18 ,20 ,2 ,6 / 1
200827 :26 ,39 ,17 ,10 ,43 ,19 / 1
200830 :49 ,1 ,14 ,45 ,18 ,42 / 1
200903 :29 ,48 ,34 ,12 ,36 ,8 / 1
200906 :34 ,9 ,46 ,37 ,3 ,2 / 1
200910 :28 ,9 ,18 ,3 ,43 ,37 / 1
200913 :40 ,36 ,47 ,42 ,33 ,16 / 1
200913 :41 ,39 ,33 ,3 ,16 ,9 / 1
200917 :8 ,12 ,47 ,40 ,6 ,30 / 1
200920 :34 ,4 ,2 ,3 ,35 ,46 / 1
200924 :2 ,42 ,39 ,22 ,34 ,43 / 1
200927 :9 ,23 ,45 ,21 ,13 ,4 / 1
201001 :23 ,15 ,11 ,47 ,35 ,29 / 1
201004 :48 ,9 ,1 ,30 ,5 ,14 / 1
201008 :4 ,39 ,27 ,23 ,1 ,15 / 1
201011 :10 ,33 ,6 ,4 ,7 ,36 / 1
201015 :25 ,1 ,13 ,23 ,37 ,7 / 1
201018 :48 ,10 ,36 ,2 ,27 ,23 / 1
201022 :36 ,33 ,30 ,4 ,17 ,25 / 1
201025 :36 ,35 ,3 ,24 ,31 ,8 / 1
201029 :4 ,18 ,31 ,8 ,38 ,42 / 1
201101 :33 ,24 ,4 ,40 ,12 ,18 / 1
201105 :4 ,34 ,12 ,25 ,40 ,1 / 1
201108 :46 ,18 ,20 ,14 ,48 ,5 / 1
201112 :38 ,14 ,5 ,21 ,31 ,12 / 1
201115 :16 ,48 ,17 ,46 ,22 ,10 / 1
201119 :23 ,3 ,34 ,27 ,42 ,39 / 1
201122 :43 ,1 ,13 ,25 ,12 ,19 / 1
201126 :44 ,3 ,35 ,13 ,28 ,25 / 1
201129 :17 ,43 ,25 ,21 ,8 ,10 / 1
201203 :3 ,24 ,4 ,37 ,44 ,9 / 1
201206 :13 ,37 ,26 ,17 ,28 ,16 / 1
201207 :45 ,12 ,31 ,32 ,35 ,14 / 1
201210 :20 ,27 ,30 ,31 ,49 ,39 / 1
201213 :15 ,23 ,8 ,36 ,5 ,47 / 1
201217 :12 ,49 ,38 ,39 ,45 ,29 / 1
201220 :46 ,27 ,44 ,5 ,16 ,42 / 1
201224 :43 ,20 ,2 ,8 ,31 ,30 / 1
201230 :25 ,38 ,41 ,1 ,10 ,36 / 1
201231 :28 ,18 ,48 ,40 ,45 ,31 / 1
210103 :7 ,1 ,15 ,36 ,34 ,30 / 1
210107 :31 ,49 ,45 ,37 ,17 ,16 / 1
210110 :39 ,26 ,42 ,38 ,10 ,28 / 1
210114 :39 ,21 ,49 ,26 ,11 ,27 / 1
210117 :5 ,36 ,3 ,35 ,32 ,2 / 1
210121 :26 ,1 ,28 ,12 ,49 ,24 / 1
210124 :12 ,27 ,15 ,9 ,33 ,44 / 1
210128 :22 ,24 ,11 ,19 ,35 ,30 / 1
210131 :40 ,11 ,18 ,33 ,20 ,14 / 1
210204 :36 ,8 ,20 ,34 ,32 ,30 / 1
210207 :41 ,49 ,5 ,20 ,14 ,1 / 1
210211 :43 ,35 ,25 ,6 ,16 ,8 / 1
210214 :15 ,33 ,32 ,47 ,17 ,11 / 1
210218 :16 ,38 ,30 ,42 ,8 ,1 / 1
210221 :30 ,24 ,3 ,12 ,10 ,42 / 1
210225 :10 ,27 ,34 ,12 ,9 ,31 / 1
210228 :40 ,45 ,6 ,39 ,9 ,14 / 1
210304 :7 ,21 ,36 ,19 ,1 ,16 / 1
210307 :27 ,3 ,10 ,29 ,5 ,9 / 1
210307 :1 ,17 ,27 ,19 ,44 ,9 / 1
210311 :12 ,19 ,9 ,1 ,40 ,5 / 1
210314 :26 ,40 ,35 ,39 ,37 ,5 / 1
210318 :3 ,38 ,31 ,39 ,5 ,29 / 1
210321 :27 ,17 ,10 ,4 ,19 ,43 / 1
210325 :29 ,3 ,34 ,39 ,26 ,36 / 1
210328 :47 ,13 ,7 ,30 ,42 ,19 / 1
210401 :15 ,25 ,16 ,21 ,12 ,5 / 1
210404 :4 ,2 ,3 ,10 ,41 ,26 / 1
210408 :26 ,9 ,6 ,13 ,32 ,31 / 1
210411 :12 ,17 ,4 ,44 ,11 ,27 / 1
210415 :15 ,48 ,29 ,47 ,18 ,42 / 1
210418 :12 ,22 ,36 ,6 ,23 ,37 / 1
210422 :26 ,46 ,20 ,39 ,8 ,5 / 1
210425 :27 ,42 ,48 ,44 ,46 ,23 / 1
210501 :30 ,46 ,40 ,16 ,5 ,43 / 1
210502 :43 ,7 ,20 ,47 ,48 ,5 / 1
210506 :35 ,7 ,22 ,20 ,37 ,32 / 1
210509 :40 ,31 ,24 ,14 ,3 ,47 / 1
210513 :12 ,40 ,7 ,10 ,6 ,41 / 1
210516 :3 ,36 ,9 ,41 ,11 ,24 / 1
210520 :46 ,27 ,7 ,19 ,6 ,38 / 1
210523 :35 ,17 ,39 ,7 ,24 ,21 / 1
210527 :30 ,40 ,41 ,14 ,23 ,43 / 1
210530 :22 ,7 ,32 ,29 ,37 ,1 / 1
210603 :17 ,38 ,6 ,33 ,28 ,49 / 1
210606 :21 ,36 ,2 ,28 ,6 ,34 / 1
210610 :15 ,20 ,13 ,49 ,35 ,46 / 1
210613 :37 ,25 ,5 ,38 ,30 ,10 / 1
210617 :11 ,26 ,16 ,27 ,24 ,44 / 1
210620 :39 ,45 ,30 ,34 ,38 ,4 / 1
210624 :38 ,44 ,28 ,23 ,5 ,18 / 1
210627 :23 ,27 ,25 ,11 ,18 ,22 / 1
210701 :38 ,36 ,22 ,17 ,31 ,49 / 1
210704 :16 ,27 ,42 ,18 ,46 ,24 / 1
210708 :33 ,5 ,10 ,7 ,14 ,26 / 1
210711 :36 ,42 ,49 ,37 ,26 ,16 / 1
210715 :8 ,9 ,28 ,36 ,23 ,47 / 1
210718 :35 ,45 ,19 ,2 ,41 ,12 / 1
210722 :1 ,42 ,47 ,11 ,10 ,21 / 1
210725 :25 ,22 ,20 ,27 ,48 ,42 / 1
210729 :23 ,48 ,20 ,26 ,6 ,38 / 1
210801 :5 ,33 ,13 ,11 ,35 ,46 / 1
210805 :23 ,41 ,28 ,35 ,30 ,25 / 1
210808 :4 ,7 ,25 ,36 ,20 ,14 / 1
210812 :25 ,42 ,10 ,28 ,5 ,3 / 1
210815 :18 ,46 ,39 ,26 ,10 ,34 / 1
210819 :40 ,38 ,5 ,25 ,7 ,13 / 1
210822 :34 ,48 ,4 ,46 ,7 ,24 / 1
210826 :49 ,1 ,8 ,48 ,3 ,38 / 1
210829 :17 ,36 ,32 ,27 ,19 ,5 / 1
210902 :16 ,7 ,18 ,42 ,19 ,36 / 1
210905 :46 ,8 ,25 ,19 ,37 ,41 / 1
210909 :47 ,36 ,13 ,19 ,49 ,38 / 1
210912 :41 ,49 ,34 ,12 ,14 ,45 / 1
210913 :7 ,48 ,27 ,33 ,21 ,14 / 1
210916 :9 ,12 ,25 ,13 ,32 ,40 / 1
210919 :8 ,12 ,19 ,6 ,11 ,10 / 1
210923 :30 ,40 ,13 ,1 ,48 ,3 / 1
210926 :16 ,33 ,11 ,6 ,32 ,35 / 1
210930 :8 ,5 ,24 ,16 ,23 ,36 / 1
211003 :45 ,3 ,35 ,20 ,21 ,32 / 1
211007 :10 ,6 ,30 ,2 ,17 ,1 / 1
211010 :48 ,32 ,7 ,27 ,12 ,42 / 1
211014 :38 ,13 ,33 ,27 ,2 ,39 / 1
211017 :13 ,24 ,11 ,10 ,6 ,18 / 1
211021 :25 ,21 ,24 ,4 ,8 ,2 / 1
211024 :33 ,5 ,12 ,27 ,16 ,24 / 1
211028 :25 ,4 ,1 ,7 ,35 ,20 / 1
211031 :6 ,29 ,49 ,9 ,39 ,27 / 1
211104 :28 ,44 ,24 ,1 ,38 ,4 / 1
211107 :19 ,8 ,14 ,48 ,37 ,40 / 1
211111 :39 ,22 ,46 ,30 ,9 ,33 / 1
211114 :1 ,38 ,34 ,22 ,45 ,13 / 1
211118 :33 ,22 ,27 ,37 ,21 ,35 / 1
211121 :15 ,1 ,14 ,20 ,28 ,29 / 1
211125 :35 ,9 ,6 ,27 ,5 ,33 / 1
211128 :12 ,17 ,31 ,29 ,27 ,48 / 1
211205 :16 ,10 ,15 ,18 ,40 ,4 / 1
211205 :14 ,40 ,23 ,28 ,47 ,12 / 1
211209 :25 ,28 ,2 ,14 ,4 ,43 / 1
211212 :39 ,14 ,24 ,44 ,20 ,37 / 1
211216 :3 ,28 ,39 ,27 ,5 ,7 / 1
211219 :15 ,19 ,13 ,3 ,44 ,5 / 1
211224 :2 ,17 ,15 ,12 ,14 ,23 / 1
211230 :37 ,27 ,43 ,4 ,38 ,39 / 1
211231 :41 ,9 ,5 ,45 ,34 ,1 / 1
220106 :44 ,36 ,29 ,25 ,34 ,14 / 1
220109 :7 ,26 ,5 ,48 ,49 ,25 / 1
220113 :29 ,12 ,23 ,42 ,27 ,10 / 1
220116 :13 ,42 ,40 ,14 ,37 ,23 / 1
220120 :46 ,28 ,48 ,7 ,3 ,14 / 1
220123 :46 ,29 ,3 ,33 ,40 ,26 / 1
220127 :46 ,3 ,18 ,16 ,48 ,32 / 1
220130 :40 ,12 ,29 ,16 ,48 ,47 / 1
220203 :21 ,41 ,1 ,26 ,7 ,29 / 1
220206 :49 ,33 ,23 ,16 ,10 ,7 / 1
220210 :41 ,13 ,27 ,48 ,23 ,29 / 1
220213 :32 ,3 ,7 ,40 ,37 ,14 / 1
220217 :45 ,12 ,26 ,11 ,44 ,37 / 1
220220 :46 ,20 ,37 ,25 ,32 ,8 / 1
220227 :49 ,24 ,47 ,18 ,40 ,10 / 1
220303 :44 ,38 ,10 ,11 ,24 ,21 / 1
220306 :19 ,42 ,41 ,18 ,34 ,28 / 1
220307 :10 ,8 ,6 ,4 ,42 ,48 / 1
220310 :42 ,24 ,16 ,48 ,5 ,4 / 1
220313 :18 ,17 ,28 ,39 ,15 ,43 / 1
220317 :8 ,2 ,32 ,9 ,39 ,6 / 1
220320 :7 ,2 ,13 ,19 ,46 ,24 / 1
220324 :46 ,38 ,39 ,22 ,3 ,5 / 1
220327 :7 ,31 ,9 ,13 ,8 ,3 / 1
220331 :8 ,40 ,30 ,35 ,18 ,7 / 1
220403 :25 ,20 ,11 ,49 ,34 ,27 / 1
220407 :49 ,8 ,48 ,5 ,11 ,19 / 1
220410 :40 ,33 ,36 ,35 ,43 ,4 / 1
220414 :10 ,12 ,27 ,49 ,15 ,21 / 1
220417 :20 ,16 ,13 ,35 ,25 ,19 / 1
220423 :30 ,24 ,23 ,29 ,41 ,18 / 1
220423 :5 ,37 ,35 ,3 ,31 ,49 / 1
220428 :2 ,43 ,26 ,16 ,38 ,32 / 1
220501 :10 ,29 ,37 ,49 ,26 ,42 / 1
220505 :12 ,36 ,34 ,38 ,41 ,40 / 1
220508 :22 ,8 ,27 ,3 ,41 ,11 / 1
220512 :25 ,10 ,8 ,44 ,23 ,28 / 1
220515 :45 ,6 ,24 ,5 ,39 ,44 / 1
220519 :6 ,11 ,32 ,17 ,15 ,7 / 1
220522 :47 ,34 ,38 ,9 ,39 ,30 / 1
220526 :22 ,32 ,33 ,41 ,44 ,19 / 1
220529 :26 ,10 ,20 ,41 ,16 ,13 / 1
220602 :7 ,39 ,31 ,12 ,25 ,35 / 1
220605 :15 ,23 ,18 ,34 ,11 ,41 / 1
220609 :6 ,39 ,42 ,5 ,34 ,13 / 1
220612 :36 ,13 ,19 ,37 ,27 ,38 / 1
220616 :36 ,24 ,21 ,22 ,31 ,35 / 1
220619 :28 ,26 ,9 ,2 ,48 ,5 / 1
220623 :28 ,42 ,8 ,1 ,25 ,46 / 1
220626 :35 ,33 ,27 ,10 ,46 ,43 / 1
220630 :10 ,43 ,9 ,20 ,21 ,44 / 1
220703 :42 ,44 ,19 ,28 ,26 ,13 / 1
220707 :22 ,40 ,10 ,7 ,14 ,11 / 1
220710 :1 ,23 ,18 ,49 ,42 ,29 / 1
220714 :32 ,17 ,7 ,48 ,46 ,27 / 1
220717 :17 ,8 ,27 ,38 ,29 ,25 / 1
220721 :10 ,24 ,6 ,3 ,8 ,14 / 1
220724 :39 ,35 ,38 ,10 ,4 ,43 / 1
220728 :17 ,48 ,40 ,23 ,36 ,2 / 1
220731 :21 ,38 ,26 ,24 ,12 ,20 / 1
220804 :18 ,40 ,5 ,46 ,49 ,23 / 1
220807 :9 ,32 ,17 ,6 ,41 ,11 / 1
220811 :10 ,28 ,6 ,30 ,11 ,33 / 1
220814 :20 ,4 ,25 ,23 ,26 ,34 / 1
220818 :16 ,35 ,37 ,27 ,5 ,18 / 1
220821 :2 ,12 ,27 ,15 ,16 ,9 / 1
220825 :48 ,39 ,21 ,27 ,30 ,9 / 1
220828 :39 ,31 ,24 ,38 ,3 ,43 / 1
220901 :14 ,43 ,10 ,45 ,30 ,6 / 1
220904 :47 ,31 ,8 ,36 ,26 ,27 / 1
220908 :44 ,48 ,21 ,10 ,27 ,17 / 1
220911 :19 ,18 ,31 ,10 ,5 ,17 / 1
220911 :48 ,2 ,16 ,33 ,45 ,41 / 1
220915 :45 ,49 ,12 ,40 ,10 ,41 / 1
220918 :21 ,41 ,31 ,14 ,2 ,43 / 1
220922 :13 ,35 ,18 ,28 ,10 ,47 / 1
220925 :31 ,20 ,9 ,25 ,15 ,2 / 1
220929 :7 ,18 ,22 ,30 ,33 ,12 / 1
221002 :36 ,6 ,29 ,10 ,20 ,23 / 1
221006 :25 ,27 ,9 ,13 ,37 ,7 / 1
221009 :5 ,18 ,49 ,34 ,31 ,40 / 1
221013 :22 ,40 ,45 ,5 ,20 ,44 / 1
221016 :16 ,22 ,18 ,32 ,48 ,1 / 1
221020 :6 ,41 ,47 ,15 ,2 ,24 / 1
221023 :24 ,38 ,18 ,6 ,25 ,2 / 1
221027 :16 ,30 ,2 ,9 ,25 ,1 / 1
221030 :13 ,21 ,17 ,9 ,42 ,43 / 1
221103 :30 ,12 ,25 ,10 ,1 ,37 / 1
221106 :40 ,29 ,2 ,10 ,18 ,37 / 1
221110 :31 ,3 ,24 ,12 ,23 ,7 / 1
221113 :44 ,10 ,2 ,6 ,31 ,23 / 1
221117 :18 ,11 ,29 ,36 ,10 ,35 / 1
221120 :47 ,45 ,40 ,1 ,30 ,24 / 1
221124 :17 ,25 ,32 ,29 ,18 ,49 / 1
221127 :19 ,33 ,39 ,18 ,30 ,26 / 1
221204 :36 ,27 ,23 ,14 ,38 ,43 / 1
221208 :24 ,29 ,38 ,5 ,25 ,35 / 1
221211 :45 ,8 ,12 ,41 ,35 ,30 / 1
221215 :33 ,39 ,46 ,4 ,26 ,8 / 1
221218 :3 ,21 ,40 ,26 ,16 ,15 / 1
221224 :39 ,41 ,28 ,1 ,45 ,4 / 1
221230 :13 ,4 ,35 ,19 ,10 ,7 / 1
221231 :40 ,22 ,13 ,4 ,42 ,9 / 1
230105 :23 ,35 ,40 ,6 ,14 ,16 / 1
230108 :42 ,37 ,2 ,24 ,16 ,6 / 1
230112 :6 ,2 ,4 ,7 ,12 ,39 / 1
230115 :21 ,9 ,31 ,18 ,41 ,16 / 1
230119 :47 ,30 ,44 ,39 ,3 ,31 / 1
230122 :41 ,23 ,20 ,37 ,36 ,43 / 1
230126 :49 ,42 ,34 ,28 ,11 ,37 / 1
230129 :9 ,19 ,25 ,2 ,39 ,38 / 1
230202 :10 ,45 ,33 ,29 ,25 ,44 / 1
230209 :23 ,8 ,19 ,11 ,31 ,33 / 1
230209 :17 ,29 ,44 ,49 ,30 ,26 / 1
230212 :36 ,14 ,40 ,19 ,15 ,28 / 1
230216 :14 ,43 ,7 ,40 ,37 ,36 / 1
230219 :41 ,46 ,28 ,24 ,26 ,47 / 1
230223 :13 ,44 ,12 ,45 ,6 ,2 / 1
230226 :4 ,9 ,21 ,35 ,7 ,32 / 1
230302 :48 ,33 ,5 ,45 ,29 ,49 / 1
230305 :18 ,44 ,15 ,40 ,30 ,12 / 1
230309 :22 ,47 ,34 ,29 ,10 ,9 / 1
230312 :30 ,21 ,43 ,8 ,23 ,7 / 1
230312 :8 ,3 ,10 ,5 ,25 ,2 / 1
230316 :29 ,3 ,27 ,33 ,38 ,31 / 1
230319 :21 ,5 ,13 ,10 ,47 ,36 / 1
230323 :35 ,24 ,10 ,48 ,28 ,40 / 1
230326 :21 ,33 ,36 ,14 ,2 ,35 / 1
230330 :16 ,48 ,25 ,21 ,24 ,20 / 1
230402 :5 ,16 ,12 ,36 ,32 ,1 / 1
230406 :4 ,31 ,38 ,2 ,22 ,12 / 1
230409 :13 ,19 ,42 ,27 ,46 ,25 / 1
230415 :48 ,39 ,27 ,4 ,26 ,21 / 1
230415 :14 ,26 ,12 ,5 ,4 ,7 / 1
230420 :32 ,12 ,6 ,9 ,42 ,48 / 1
230423 :6 ,45 ,38 ,44 ,39 ,10 / 1
230427 :5 ,7 ,13 ,22 ,2 ,36 / 1
230430 :49 ,22 ,33 ,13 ,28 ,30 / 1
230504 :27 ,47 ,48 ,7 ,21 ,41 / 1
230507 :1 ,41 ,36 ,8 ,32 ,20 / 1
230511 :5 ,1 ,24 ,48 ,33 ,41 / 1
230514 :41 ,31 ,38 ,18 ,49 ,32 / 1
230518 :36 ,37 ,17 ,29 ,13 ,34 / 1
230521 :42 ,49 ,47 ,39 ,41 ,17 / 1
230525 :26 ,47 ,32 ,3 ,44 ,15 / 1
230528 :5 ,19 ,29 ,4 ,32 ,17 / 1
230601 :6 ,41 ,33 ,17 ,2 ,13 / 1
230604 :24 ,42 ,2 ,20 ,46 ,26 / 1
230608 :21 ,48 ,44 ,28 ,25 ,8 / 1
230611 :49 ,35 ,20 ,40 ,41 ,24 / 1
230615 :8 ,21 ,3 ,37 ,38 ,46 / 1
230618 :30 ,44 ,49 ,40 ,33 ,24 / 1
230622 :6 ,49 ,48 ,44 ,26 ,27 / 1
230625 :38 ,17 ,36 ,37 ,44 ,25 / 1
230629 :2 ,12 ,22 ,39 ,6 ,24 / 1
230702 :28 ,36 ,18 ,40 ,6 ,39 / 1
230706 :44 ,32 ,30 ,39 ,13 ,35 / 1
230709 :29 ,5 ,24 ,27 ,16 ,14 / 1
230713 :37 ,44 ,6 ,32 ,31 ,38 / 1
230716 :38 ,10 ,26 ,36 ,13 ,23 / 1
230720 :3 ,20 ,18 ,9 ,46 ,47 / 1
230723 :36 ,31 ,9 ,18 ,4 ,10 / 1
230727 :26 ,24 ,49 ,1 ,6 ,22 / 1
230730 :31 ,27 ,6 ,19 ,35 ,29 / 1
230803 :15 ,21 ,10 ,47 ,4 ,38 / 1
230806 :36 ,10 ,14 ,6 ,20 ,11 / 1
230810 :25 ,11 ,27 ,17 ,33 ,26 / 1
230813 :14 ,30 ,1 ,10 ,2 ,15 / 1
230817 :39 ,43 ,29 ,20 ,32 ,30 / 1
230820 :22 ,28 ,37 ,39 ,12 ,34 / 1
230824 :42 ,37 ,12 ,49 ,35 ,6 / 1
230827 :29 ,7 ,6 ,4 ,39 ,20 / 1
230831 :31 ,41 ,39 ,15 ,17 ,47 / 1
230903 :32 ,47 ,21 ,40 ,13 ,6 / 1
230907 :37 ,18 ,27 ,20 ,31 ,26 / 1
230910 :31 ,34 ,49 ,30 ,4 ,39 / 1
230914 :15 ,8 ,42 ,7 ,24 ,21 / 1
230917 :30 ,45 ,15 ,35 ,33 ,41 / 1
230917 :17 ,39 ,7 ,29 ,18 ,42 / 1
230921 :37 ,46 ,32 ,4 ,9 ,43 / 1
230924 :14 ,13 ,19 ,47 ,5 ,48 / 1
230928 :1 ,41 ,13 ,45 ,17 ,24 / 1
231001 :41 ,16 ,29 ,37 ,26 ,6 / 1
231005 :20 ,25 ,47 ,3 ,13 ,38 / 1
231008 :14 ,16 ,6 ,27 ,26 ,37 / 1
231012 :17 ,33 ,45 ,26 ,40 ,4 / 1
231015 :20 ,38 ,3 ,48 ,35 ,21 / 1
231019 :23 ,31 ,15 ,3 ,1 ,40 / 1
231022 :32 ,6 ,14 ,7 ,40 ,45 / 1
231026 :23 ,36 ,49 ,30 ,20 ,4 / 1
231029 :32 ,9 ,44 ,24 ,46 ,1 / 1
231102 :40 ,25 ,31 ,23 ,18 ,14 / 1
231105 :5 ,37 ,17 ,46 ,26 ,30 / 1
231109 :40 ,3 ,8 ,2 ,38 ,25 / 1
231112 :26 ,18 ,27 ,41 ,42 ,28 / 1
231116 :46 ,44 ,38 ,13 ,23 ,31 / 1
231119 :14 ,28 ,18 ,17 ,22 ,3 / 1
231123 :33 ,4 ,45 ,43 ,18 ,8 / 1
231126 :20 ,21 ,49 ,10 ,5 ,43 / 1
231203 :16 ,35 ,46 ,29 ,36 ,24 / 1
231204 :4 ,7 ,44 ,2 ,46 ,45 / 1
231207 :2 ,24 ,1 ,47 ,17 ,41 / 1
231210 :44 ,45 ,16 ,34 ,13 ,32 / 1
231214 :12 ,2 ,40 ,37 ,9 ,39 / 1
231217 :9 ,11 ,48 ,25 ,45 ,16 / 1
231221 :41 ,36 ,14 ,28 ,27 ,47 / 1
231224 :20 ,22 ,23 ,18 ,35 ,5 / 1
231230 :37 ,8 ,4 ,19 ,31 ,20 / 1
231231 :3 ,40 ,16 ,46 ,44 ,3 / 1
240104 :2 ,29 ,31 ,13 ,49 ,34 / 1
240107 :15 ,34 ,46 ,31 ,45 ,26 / 1
240111 :2 ,33 ,13 ,18 ,15 ,14 / 1
240114 :17 ,9 ,31 ,43 ,25 ,24 / 1
240118 :22 ,12 ,25 ,42 ,32 ,39 / 1
240121 :14 ,34 ,4 ,39 ,47 ,31 / 1
240125 :24 ,34 ,36 ,6 ,39 ,41 / 1
240128 :27 ,11 ,49 ,47 ,28 ,26 / 1
240201 :30 ,8 ,19 ,2 ,6 ,35 / 1
240204 :28 ,7 ,2 ,5 ,11 ,20 / 1
240208 :15 ,28 ,16 ,11 ,47 ,9 / 1
240211 :22 ,30 ,36 ,48 ,35 ,13 / 1
240215 :9 ,1 ,22 ,29 ,8 ,46 / 1
240218 :32 ,7 ,33 ,48 ,15 ,5 / 1
240222 :23 ,27 ,40 ,45 ,30 ,6 / 1
240225 :39 ,1 ,14 ,48 ,10 ,26 / 1
240229 :20 ,38 ,15 ,11 ,17 ,16 / 1
240303 :41 ,48 ,15 ,5 ,44 ,47 / 1
240307 :8 ,36 ,26 ,34 ,33 ,4 / 1
240310 :39 ,8 ,31 ,9 ,20 ,24 / 1
240310 :10 ,4 ,3 ,12 ,1 ,39 / 1
240314 :38 ,1 ,45 ,10 ,22 ,46 / 1
240317 :18 ,29 ,44 ,39 ,10 ,14 / 1
240321 :6 ,1 ,4 ,26 ,16 ,8 / 1
240324 :28 ,29 ,18 ,3 ,37 ,47 / 1
240328 :15 ,33 ,17 ,44 ,1 ,46 / 1
240331 :43 ,31 ,21 ,44 ,1 ,24 / 1
240404 :2 ,16 ,10 ,4 ,15 ,49 / 1
240407 :49 ,6 ,1 ,7 ,20 ,40 / 1
240411 :31 ,13 ,15 ,23 ,25 ,42 / 1
240414 :33 ,7 ,25 ,48 ,40 ,10 / 1
240418 :27 ,12 ,41 ,10 ,21 ,18 / 1
240421 :47 ,17 ,28 ,29 ,26 ,40 / 1
240425 :18 ,21 ,8 ,2 ,19 ,1 / 1
240428 :12 ,1 ,15 ,19 ,37 ,35 / 1
240504 :3 ,25 ,34 ,39 ,20 ,30 / 1
240504 :16 ,6 ,13 ,44 ,18 ,19 / 1
240509 :19 ,43 ,41 ,46 ,35 ,40 / 1
240512 :20 ,49 ,33 ,26 ,24 ,14 / 1
240516 :24 ,22 ,43 ,26 ,16 ,37 / 1
240519 :39 ,22 ,34 ,46 ,24 ,19 / 1
240523 :12 ,26 ,31 ,24 ,20 ,36 / 1
240526 :45 ,12 ,15 ,8 ,32 ,16 / 1
240530 :18 ,14 ,10 ,39 ,31 ,29 / 1
240602 :21 ,42 ,45 ,48 ,13 ,11 / 1
240606 :35 ,37 ,33 ,1 ,6 ,12 / 1
240609 :38 ,49 ,41 ,26 ,33 ,27 / 1
240613 :28 ,15 ,41 ,14 ,23 ,31 / 1
240616 :32 ,44 ,12 ,25 ,38 ,19 / 1
240620 :3 ,35 ,6 ,42 ,46 ,23 / 1
240623 :41 ,39 ,47 ,6 ,30 ,44 / 1
240627 :49 ,9 ,40 ,38 ,18 ,39 / 1
240630 :15 ,46 ,45 ,23 ,12 ,24 / 1
240704 :41 ,20 ,43 ,2 ,25 ,47 / 1
240707 :27 ,10 ,24 ,1 ,35 ,17 / 1
240711 :43 ,7 ,42 ,10 ,30 ,17 / 1
240714 :46 ,14 ,30 ,34 ,44 ,4 / 1
240718 :15 ,38 ,29 ,43 ,8 ,10 / 1
240721 :26 ,27 ,44 ,22 ,4 ,17 / 1
240725 :42 ,19 ,7 ,16 ,33 ,4 / 1
240728 :17 ,6 ,46 ,48 ,41 ,43 / 1
240801 :40 ,22 ,31 ,2 ,42 ,3 / 1
240804 :9 ,32 ,21 ,8 ,20 ,36 / 1
240808 :35 ,1 ,28 ,16 ,23 ,37 / 1
240811 :2 ,35 ,34 ,38 ,25 ,9 / 1
240815 :20 ,16 ,47 ,14 ,37 ,4 / 1
240818 :48 ,25 ,15 ,17 ,24 ,34 / 1
240822 :21 ,40 ,37 ,9 ,2 ,5 / 1
240825 :40 ,44 ,34 ,1 ,42 ,45 / 1
240829 :19 ,6 ,21 ,26 ,20 ,40 / 1
240901 :38 ,41 ,5 ,9 ,39 ,34 / 1
240905 :34 ,17 ,26 ,25 ,4 ,7 / 1
240908 :45 ,39 ,29 ,9 ,28 ,37 / 1
240912 :20 ,46 ,6 ,42 ,32 ,35 / 1
240915 :38 ,6 ,16 ,14 ,3 ,29 / 1
240915 :2 ,15 ,17 ,16 ,46 ,6 / 1
240919 :13 ,36 ,47 ,5 ,25 ,33 / 1
240922 :22 ,46 ,17 ,15 ,28 ,23 / 1
240926 :32 ,15 ,1 ,39 ,41 ,40 / 1
240929 :47 ,2 ,16 ,7 ,46 ,22 / 1
241003 :4 ,7 ,34 ,6 ,40 ,12 / 1
241006 :31 ,5 ,30 ,4 ,22 ,26 / 1
241010 :3 ,1 ,25 ,14 ,38 ,22 / 1
241013 :13 ,18 ,22 ,30 ,1 ,10 / 1
241017 :18 ,41 ,17 ,39 ,46 ,8 / 1
241020 :35 ,1 ,24 ,34 ,33 ,46 / 1
241024 :13 ,21 ,19 ,11 ,26 ,12 / 1
241027 :19 ,18 ,8 ,40 ,17 ,32 / 1
241031 :36 ,45 ,38 ,30 ,18 ,31 / 1
241103 :8 ,21 ,19 ,20 ,42 ,18 / 1
241107 :47 ,31 ,5 ,18 ,39 ,25 / 1
241110 :6 ,4 ,17 ,39 ,26 ,7 / 1
241114 :11 ,21 ,18 ,30 ,10 ,24 / 1
241117 :40 ,15 ,37 ,22 ,16 ,7 / 1
241121 :26 ,8 ,21 ,20 ,40 ,22 / 1
241124 :28 ,20 ,39 ,38 ,42 ,11 / 1
241128 :41 ,35 ,25 ,24 ,6 ,31 / 1
241201 :36 ,27 ,16 ,46 ,23 ,32 / 1
241201 :7 ,15 ,26 ,37 ,34 ,19 / 1
241205 :16 ,15 ,6 ,14 ,4 ,23 / 1
241208 :5 ,49 ,37 ,40 ,2 ,44 / 1
241212 :31 ,20 ,9 ,23 ,28 ,10 / 1
241215 :43 ,21 ,25 ,47 ,17 ,49 / 1
241219 :13 ,25 ,18 ,39 ,19 ,41 / 1
241222 :25 ,46 ,49 ,35 ,31 ,19 / 1
241230 :27 ,5 ,49 ,19 ,7 ,14 / 1
241231 :9 ,40 ,46 ,29 ,32 ,23 / 1
250105 :44 ,42 ,5 ,6 ,40 ,13 / 1
250109 :43 ,29 ,24 ,46 ,14 ,11 / 1
250112 :46 ,42 ,27 ,5 ,23 ,18 / 1
250116 :23 ,22 ,3 ,7 ,19 ,6 / 1
250119 :23 ,48 ,16 ,32 ,6 ,35 / 1
250123 :47 ,45 ,23 ,21 ,32 ,28 / 1
250127 :25 ,49 ,28 ,33 ,23 ,43 / 1
250130 :44 ,36 ,4 ,45 ,48 ,12 / 1
250202 :28 ,22 ,21 ,31 ,9 ,25 / 1
250206 :29 ,35 ,9 ,4 ,45 ,40 / 1
250209 :44 ,48 ,22 ,12 ,30 ,6 / 1
250213 :16 ,15 ,33 ,40 ,11 ,25 / 1
250216 :17 ,43 ,13 ,35 ,5 ,19 / 1
250220 :19 ,8 ,16 ,29 ,39 ,32 / 1
250223 :23 ,43 ,21 ,32 ,1 ,49 / 1
250227 :20 ,11 ,16 ,41 ,17 ,46 / 1
250302 :9 ,21 ,8 ,35 ,45 ,19 / 1
250306 :38 ,16 ,26 ,29 ,28 ,30 / 1
250309 :22 ,27 ,39 ,4 ,12 ,28 / 1
250309 :20 ,40 ,9 ,32 ,7 ,23 / 1
250313 :17 ,32 ,15 ,1 ,7 ,19 / 1
250316 :43 ,29 ,34 ,1 ,32 ,47 / 1
250320 :8 ,18 ,40 ,34 ,10 ,43 / 1
250323 :37 ,46 ,24 ,18 ,12 ,27 / 1
250327 :7 ,35 ,4 ,18 ,9 ,20 / 1
250330 :37 ,42 ,14 ,10 ,5 ,45 / 1
250403 :49 ,37 ,46 ,8 ,42 ,17 / 1
250406 :1 ,32 ,19 ,40 ,41 ,2 / 1
250410 :8 ,39 ,48 ,18 ,45 ,34 / 1
250413 :11 ,29 ,20 ,3 ,43 ,16 / 1
250419 :8 ,17 ,35 ,40 ,42 ,14 / 1
250419 :3 ,33 ,6 ,23 ,28 ,35 / 1
250424 :17 ,12 ,22 ,8 ,2 ,19 / 1
250427 :9 ,46 ,16 ,8 ,43 ,29 / 1
250501 :34 ,40 ,3 ,48 ,45 ,41 / 1
250504 :30 ,13 ,24 ,9 ,3 ,20 / 1
250508 :17 ,19 ,25 ,14 ,45 ,39 / 1
250511 :8 ,10 ,18 ,16 ,31 ,24 / 1
250515 :26 ,30 ,5 ,7 ,19 ,36 / 1
250518 :25 ,12 ,33 ,1 ,4 ,39 / 1
250522 :1 ,14 ,6 ,32 ,10 ,46 / 1
250525 :18 ,42 ,10 ,37 ,27 ,13 / 1
250529 :14 ,29 ,46 ,24 ,15 ,21 / 1
250601 :42 ,43 ,14 ,22 ,26 ,45 / 1
250605 :37 ,19 ,6 ,47 ,15 ,44 / 1
250608 :18 ,36 ,20 ,38 ,16 ,25 / 1
250612 :26 ,2 ,4 ,36 ,43 ,39 / 1
250615 :22 ,27 ,47 ,18 ,26 ,24 / 1
250619 :25 ,28 ,32 ,23 ,42 ,39 / 1
250622 :17 ,27 ,31 ,18 ,38 ,5 / 1
250626 :8 ,43 ,24 ,45 ,4 ,40 / 1
250629 :19 ,7 ,6 ,2 ,23 ,48 / 1
250703 :38 ,29 ,14 ,22 ,43 ,44 / 1
250706 :8 ,32 ,33 ,19 ,20 ,1 / 1
250710 :19 ,44 ,21 ,20 ,29 ,12 / 1
250713 :15 ,19 ,28 ,7 ,24 ,9 / 1
250717 :33 ,1 ,49 ,4 ,7 ,30 / 1
250720 :26 ,32 ,17 ,41 ,38 ,44 / 1
250724 :25 ,26 ,37 ,49 ,18 ,28 / 1
250727 :26 ,34 ,16 ,12 ,47 ,32 / 1
250731 :16 ,42 ,19 ,1 ,35 ,15 / 1
250803 :37 ,16 ,29 ,34 ,22 ,45 / 1
250807 :42 ,2 ,46 ,18 ,31 ,28 / 1
250810 :1 ,16 ,8 ,26 ,5 ,25 / 1
250814 :10 ,47 ,9 ,4 ,31 ,44 / 1
250817 :4 ,35 ,12 ,3 ,7 ,42 / 1
250821 :15 ,45 ,11 ,44 ,8 ,39 / 1
250824 :43 ,31 ,18 ,24 ,48 ,41 / 1
250828 :6 ,16 ,5 ,48 ,39 ,49 / 1
250831 :37 ,4 ,30 ,33 ,6 ,19 / 1
250904 :46 ,3 ,21 ,20 ,31 ,5 / 1
250907 :7 ,43 ,47 ,6 ,13 ,42 / 1
250911 :36 ,13 ,23 ,30 ,40 ,4 / 1
250914 :43 ,30 ,39 ,31 ,3 ,22 / 1
250914 :29 ,12 ,47 ,9 ,33 ,11 / 1
250918 :5 ,8 ,4 ,14 ,42 ,39 / 1
250921 :9 ,30 ,43 ,32 ,44 ,36 / 1
250925 :38 ,32 ,12 ,17 ,46 ,23 / 1
250928 :9 ,25 ,14 ,36 ,6 ,8 / 1
251002 :30 ,9 ,47 ,23 ,5 ,10 / 1
251005 :13 ,18 ,25 ,30 ,29 ,34 / 1
251009 :23 ,41 ,2 ,35 ,40 ,13 / 1
251012 :5 ,31 ,33 ,39 ,36 ,45 / 1
251016 :12 ,32 ,15 ,2 ,7 ,25 / 1
251019 :14 ,11 ,21 ,16 ,5 ,10 / 1
251023 :3 ,18 ,40 ,24 ,36 ,14 / 1
251026 :32 ,18 ,16 ,21 ,10 ,35 / 1
251030 :19 ,41 ,25 ,21 ,2 ,47 / 1
251102 :11 ,6  ,24 ,46 ,44,43 / 1
251106 :2, 20, 22, 35, 42, 46 / 1